 Note: the E(HOMO) of TCE used for evaluating nucleophilicity index is the value evaluated at B3LYP/6-31G* level
 
 Hirshfeld charges, condensed Fukui functions and condensed dual descriptors
 Units used below are "e" (elementary charge)
     Atom     q(N)    q(N+1)   q(N-1)     f-       f+       f0      CDD
     1(Pt)   0.6002   0.4480   0.6872   0.0870   0.1522   0.1196   0.0653
     2(N )  -0.0582  -0.1159  -0.0513   0.0069   0.0578   0.0323   0.0509
     3(N )  -0.0596  -0.0726  -0.0513   0.0083   0.0130   0.0107   0.0047
     4(N )  -0.0474  -0.0725  -0.0363   0.0110   0.0251   0.0181   0.0141
     5(N )  -0.0464  -0.1164  -0.0363   0.0101   0.0700   0.0401   0.0599
     6(C )   0.0269   0.0128   0.0376   0.0107   0.0142   0.0124   0.0035
     7(H )   0.0618   0.0458   0.0687   0.0069   0.0161   0.0115   0.0092
     8(H )   0.0756   0.0481   0.1011   0.0255   0.0275   0.0265   0.0020
     9(C )  -0.0311  -0.0392  -0.0243   0.0069   0.0081   0.0075   0.0012
    10(H )   0.0509   0.0357   0.0676   0.0166   0.0152   0.0159  -0.0014
    11(H )   0.0828   0.0566   0.1030   0.0201   0.0263   0.0232   0.0061
    12(C )   0.0256   0.0064   0.0378   0.0122   0.0191   0.0157   0.0069
    13(H )   0.0584   0.0437   0.0663   0.0079   0.0147   0.0113   0.0068
    14(H )   0.0739   0.0421   0.0992   0.0253   0.0318   0.0285   0.0064
    15(C )   0.0285   0.0141   0.0378   0.0093   0.0144   0.0118   0.0051
    16(H )   0.0598   0.0454   0.0663   0.0065   0.0144   0.0105   0.0079
    17(H )   0.0774   0.0501   0.0992   0.0219   0.0273   0.0246   0.0054
    18(C )  -0.0304  -0.0388  -0.0242   0.0061   0.0085   0.0073   0.0023
    19(H )   0.0828   0.0568   0.1030   0.0202   0.0260   0.0231   0.0058
    20(H )   0.0565   0.0410   0.0676   0.0111   0.0155   0.0133   0.0045
    21(C )   0.0269   0.0095   0.0376   0.0107   0.0175   0.0141   0.0068
    22(H )   0.0594   0.0424   0.0687   0.0094   0.0169   0.0132   0.0076
    23(H )   0.0777   0.0456   0.1011   0.0234   0.0321   0.0278   0.0087
    24(O )  -0.3635  -0.4063  -0.2030   0.1605   0.0428   0.1017  -0.1178
    25(O )  -0.3471  -0.3908  -0.1537   0.1934   0.0438   0.1186  -0.1496
    26(H )   0.1485   0.1176   0.1639   0.0154   0.0309   0.0231   0.0155
    27(H )   0.1500   0.1228   0.1650   0.0150   0.0272   0.0211   0.0122
    28(H )   0.1461   0.1254   0.1654   0.0193   0.0206   0.0200   0.0013
    29(H )   0.1534   0.1338   0.1690   0.0156   0.0196   0.0176   0.0040
    30(H )   0.1536   0.1231   0.1690   0.0154   0.0305   0.0230   0.0150
    31(H )   0.1480   0.1143   0.1654   0.0174   0.0337   0.0255   0.0163
    32(H )   0.1431   0.1277   0.1639   0.0208   0.0154   0.0181  -0.0053
    33(H )   0.1504   0.1350   0.1650   0.0146   0.0155   0.0150   0.0009
    34(H )   0.1298   0.1048   0.2035   0.0737   0.0250   0.0494  -0.0487
    35(H )   0.1352   0.1040   0.2001   0.0649   0.0312   0.0480  -0.0337
 
 Condensed local electrophilicity/nucleophilicity index (e*eV)
     Atom              Electrophilicity          Nucleophilicity
     1(Pt)                  1.72440                 -0.45049
     2(N )                  0.65447                 -0.03561
     3(N )                  0.14719                 -0.04308
     4(N )                  0.28447                 -0.05717
     5(N )                  0.79293                 -0.05250
     6(C )                  0.16062                 -0.05524
     7(H )                  0.18197                 -0.03576
     8(H )                  0.31174                 -0.13227
     9(C )                  0.09155                 -0.03564
    10(H )                  0.17218                 -0.08623
    11(H )                  0.29747                 -0.10429
    12(C )                  0.21657                 -0.06329
    13(H )                  0.16686                 -0.04096
    14(H )                  0.35982                 -0.13116
    15(C )                  0.16296                 -0.04820
    16(H )                  0.16346                 -0.03366
    17(H )                  0.30868                 -0.11326
    18(C )                  0.09584                 -0.03174
    19(H )                  0.29450                 -0.10444
    20(H )                  0.17566                 -0.05725
    21(C )                  0.19801                 -0.05534
    22(H )                  0.19196                 -0.04859
    23(H )                  0.36400                 -0.12123
    24(O )                  0.48459                 -0.83173
    25(O )                  0.49593                 -1.00178
    26(H )                  0.34978                 -0.07987
    27(H )                  0.30858                 -0.07775
    28(H )                  0.23374                 -0.09997
    29(H )                  0.22206                 -0.08094
    30(H )                  0.34528                 -0.07996
    31(H )                  0.38170                 -0.09000
    32(H )                  0.17499                 -0.10768
    33(H )                  0.17542                 -0.07562
    34(H )                  0.28352                 -0.38171
    35(H )                  0.35335                 -0.33608
 
 Condensed local softness (e/Hartree), relative electrophilicity/nucleophilicity (dimensionless) and condensed local hyper-softness (e/Hartree^2)
     Atom         s-          s+          s0        s+/s-       s-/s+       s(2)
     1(Pt)      0.3427      0.6000      0.4714      1.7507      0.5712      1.0140
     2(N )      0.0271      0.2277      0.1274      8.4066      0.1190      0.7907
     3(N )      0.0328      0.0512      0.0420      1.5628      0.6399      0.0727
     4(N )      0.0435      0.0990      0.0712      2.2758      0.4394      0.2187
     5(N )      0.0399      0.2759      0.1579      6.9080      0.1448      0.9300
     6(C )      0.0420      0.0559      0.0490      1.3299      0.7519      0.0546
     7(H )      0.0272      0.0633      0.0453      2.3273      0.4297      0.1423
     8(H )      0.1006      0.1085      0.1045      1.0779      0.9277      0.0309
     9(C )      0.0271      0.0319      0.0295      1.1747      0.8513      0.0187
    10(H )      0.0656      0.0599      0.0628      0.9132      1.0950     -0.0224
    11(H )      0.0793      0.1035      0.0914      1.3045      0.7666      0.0952
    12(C )      0.0481      0.0754      0.0618      1.5650      0.6390      0.1072
    13(H )      0.0312      0.0581      0.0446      1.8631      0.5367      0.1060
    14(H )      0.0998      0.1252      0.1125      1.2546      0.7970      0.1001
    15(C )      0.0367      0.0567      0.0467      1.5463      0.6467      0.0789
    16(H )      0.0256      0.0569      0.0412      2.2207      0.4503      0.1232
    17(H )      0.0862      0.1074      0.0968      1.2465      0.8023      0.0837
    18(C )      0.0241      0.0333      0.0287      1.3810      0.7241      0.0363
    19(H )      0.0795      0.1025      0.0910      1.2896      0.7754      0.0907
    20(H )      0.0436      0.0611      0.0523      1.4031      0.7127      0.0692
    21(C )      0.0421      0.0689      0.0555      1.6365      0.6111      0.1056
    22(H )      0.0370      0.0668      0.0519      1.8068      0.5534      0.1175
    23(H )      0.0922      0.1266      0.1094      1.3732      0.7282      0.1357
    24(O )      0.6328      0.1686      0.4007      0.2665      3.7528     -1.8294
    25(O )      0.7621      0.1726      0.4673      0.2264      4.4168     -2.3237
    26(H )      0.0608      0.1217      0.0912      2.0028      0.4993      0.2402
    27(H )      0.0591      0.1074      0.0833      1.8153      0.5509      0.1901
    28(H )      0.0761      0.0813      0.0787      1.0693      0.9352      0.0208
    29(H )      0.0616      0.0773      0.0694      1.2548      0.7970      0.0618
    30(H )      0.0608      0.1201      0.0905      1.9749      0.5064      0.2337
    31(H )      0.0685      0.1328      0.1006      1.9396      0.5156      0.2536
    32(H )      0.0819      0.0609      0.0714      0.7432      1.3456     -0.0829
    33(H )      0.0575      0.0610      0.0593      1.0609      0.9426      0.0138
    34(H )      0.2904      0.0986      0.1945      0.3397      2.9438     -0.7557
    35(H )      0.2557      0.1229      0.1893      0.4808      2.0797     -0.5232
 
 E(N):     -730.306721 Hartree
 E(N+1):     -730.639468 Hartree
 E(N-1):     -729.720251 Hartree
 E_HOMO(N):     -0.525582 Hartree,  -14.3018 eV
 E_HOMO(N+1):   -0.305262 Hartree,   -8.3066 eV
 E_HOMO(N-1):   -0.731023 Hartree,  -19.8922 eV
 First vertical IP:     0.586470 Hartree,   15.9587 eV
 First vertical EA:     0.332747 Hartree,    9.0545 eV
 Mulliken electronegativity:     0.459608 Hartree,   12.5066 eV
 Chemical potential:            -0.459608 Hartree,  -12.5066 eV
 Hardness (=fundamental gap):    0.253723 Hartree,    6.9041 eV
 Softness:      3.941309 Hartree^-1,    0.1448 eV^-1
 Softness^2:   15.533914 Hartree^-2,    0.0210 eV^-2
 Electrophilicity index:    0.416281 Hartree,   11.3276 eV
 Nucleophilicity index:    -0.190384 Hartree,   -5.1806 eV
