 Note: the E(HOMO) of TCE used for evaluating nucleophilicity index is the value evaluated at B3LYP/6-31G* level
 
 Hirshfeld charges, condensed Fukui functions and condensed dual descriptors
 Units used below are "e" (elementary charge)
     Atom     q(N)    q(N+1)   q(N-1)     f-       f+       f0      CDD
     1(Pt)   0.2167  -0.0141   0.4589   0.2422   0.2308   0.2365  -0.0114
     2(N )  -0.0730  -0.0984  -0.0614   0.0116   0.0254   0.0185   0.0138
     3(Cl)  -0.2898  -0.5231   0.0373   0.3270   0.2334   0.2802  -0.0937
     4(C )  -0.0383  -0.0440  -0.0318   0.0065   0.0057   0.0061  -0.0009
     5(C )   0.0087  -0.0021   0.0193   0.0106   0.0107   0.0107   0.0001
     6(N )  -0.0494  -0.0934  -0.0299   0.0195   0.0440   0.0318   0.0245
     7(H )   0.0632   0.0384   0.0848   0.0216   0.0249   0.0232   0.0033
     8(N )  -0.0723  -0.0975  -0.0610   0.0113   0.0252   0.0183   0.0138
     9(C )   0.0166   0.0049   0.0278   0.0112   0.0117   0.0114   0.0005
    10(H )   0.0473   0.0334   0.0567   0.0094   0.0139   0.0117   0.0045
    11(H )   0.0502   0.0203   0.0747   0.0245   0.0299   0.0272   0.0054
    12(H )   0.0574   0.0291   0.0811   0.0237   0.0283   0.0260   0.0046
    13(H )   0.0535   0.0387   0.0639   0.0104   0.0149   0.0126   0.0045
    14(H )   0.0422   0.0293   0.0559   0.0137   0.0129   0.0133  -0.0008
    15(C )   0.0098  -0.0019   0.0199   0.0101   0.0117   0.0109   0.0016
    16(H )   0.0401   0.0282   0.0506   0.0105   0.0119   0.0112   0.0014
    17(H )   0.0501   0.0208   0.0735   0.0234   0.0293   0.0263   0.0060
    18(C )  -0.0410  -0.0477  -0.0350   0.0059   0.0067   0.0063   0.0008
    19(H )   0.0435   0.0278   0.0583   0.0147   0.0157   0.0152   0.0009
    20(H )   0.0496   0.0292   0.0696   0.0200   0.0204   0.0202   0.0004
    21(C )  -0.0461  -0.0538  -0.0366   0.0095   0.0077   0.0086  -0.0019
    22(H )   0.0243   0.0162   0.0244   0.0000   0.0082   0.0041   0.0081
    23(H )   0.0552   0.0319   0.0791   0.0238   0.0233   0.0236  -0.0005
    24(C )   0.0174   0.0065   0.0273   0.0099   0.0110   0.0104   0.0011
    25(H )   0.0592   0.0440   0.0717   0.0125   0.0152   0.0139   0.0027
    26(H )   0.0497   0.0262   0.0727   0.0230   0.0235   0.0232   0.0005
    27(H )   0.1286   0.1095   0.1449   0.0163   0.0191   0.0177   0.0028
    28(H )   0.1311   0.1126   0.1498   0.0186   0.0185   0.0186  -0.0001
    29(H )   0.1336   0.1157   0.1537   0.0201   0.0179   0.0190  -0.0022
    30(H )   0.1382   0.1146   0.1554   0.0172   0.0235   0.0204   0.0063
    31(H )   0.1234   0.0987   0.1444   0.0210   0.0247   0.0228   0.0038
 
 Condensed local electrophilicity/nucleophilicity index (e*eV)
     Atom              Electrophilicity          Nucleophilicity
     1(Pt)                  0.90097                 -0.18556
     2(N )                  0.09918                 -0.00892
     3(Cl)                  0.91080                 -0.25052
     4(C )                  0.02214                 -0.00501
     5(C )                  0.04187                 -0.00811
     6(N )                  0.17190                 -0.01496
     7(H )                  0.09704                 -0.01653
     8(N )                  0.09826                 -0.00868
     9(C )                  0.04572                 -0.00856
    10(H )                  0.05432                 -0.00721
    11(H )                  0.11669                 -0.01877
    12(H )                  0.11061                 -0.01816
    13(H )                  0.05809                 -0.00796
    14(H )                  0.05018                 -0.01048
    15(C )                  0.04567                 -0.00777
    16(H )                  0.04634                 -0.00806
    17(H )                  0.11446                 -0.01789
    18(C )                  0.02615                 -0.00455
    19(H )                  0.06119                 -0.01129
    20(H )                  0.07954                 -0.01534
    21(C )                  0.02999                 -0.00731
    22(H )                  0.03189                 -0.00003
    23(H )                  0.09110                 -0.01825
    24(C )                  0.04281                 -0.00755
    25(H )                  0.05936                 -0.00960
    26(H )                  0.09160                 -0.01761
    27(H )                  0.07462                 -0.01247
    28(H )                  0.07236                 -0.01429
    29(H )                  0.06981                 -0.01540
    30(H )                  0.09186                 -0.01321
    31(H )                  0.09646                 -0.01605
 
 Condensed local softness (e/Hartree), relative electrophilicity/nucleophilicity (dimensionless) and condensed local hyper-softness (e/Hartree^2)
     Atom         s-          s+          s0        s+/s-       s-/s+       s(2)
     1(Pt)      0.8280      0.7890      0.8085      0.9530      1.0494     -0.1332
     2(N )      0.0398      0.0869      0.0633      2.1816      0.4584      0.1608
     3(Cl)      1.1178      0.7977      0.9577      0.7136      1.4014     -1.0945
     4(C )      0.0224      0.0194      0.0209      0.8669      1.1535     -0.0102
     5(C )      0.0362      0.0367      0.0364      1.0139      0.9863      0.0017
     6(N )      0.0668      0.1505      0.1087      2.2546      0.4435      0.2863
     7(H )      0.0737      0.0850      0.0794      1.1524      0.8677      0.0384
     8(N )      0.0387      0.0861      0.0624      2.2218      0.4501      0.1618
     9(C )      0.0382      0.0400      0.0391      1.0480      0.9542      0.0063
    10(H )      0.0322      0.0476      0.0399      1.4778      0.6767      0.0526
    11(H )      0.0837      0.1022      0.0930      1.2203      0.8195      0.0631
    12(H )      0.0810      0.0969      0.0890      1.1953      0.8366      0.0541
    13(H )      0.0355      0.0509      0.0432      1.4329      0.6979      0.0525
    14(H )      0.0468      0.0439      0.0454      0.9395      1.0644     -0.0097
    15(C )      0.0347      0.0400      0.0373      1.1533      0.8671      0.0182
    16(H )      0.0359      0.0406      0.0383      1.1288      0.8859      0.0158
    17(H )      0.0798      0.1002      0.0900      1.2555      0.7965      0.0697
    18(C )      0.0203      0.0229      0.0216      1.1276      0.8869      0.0089
    19(H )      0.0504      0.0536      0.0520      1.0637      0.9401      0.0110
    20(H )      0.0684      0.0697      0.0691      1.0177      0.9826      0.0041
    21(C )      0.0326      0.0263      0.0294      0.8051      1.2421     -0.0217
    22(H )      0.0001      0.0279      0.0140    222.9540      0.0045      0.0950
    23(H )      0.0814      0.0798      0.0806      0.9795      1.0209     -0.0057
    24(C )      0.0337      0.0375      0.0356      1.1125      0.8989      0.0130
    25(H )      0.0428      0.0520      0.0474      1.2142      0.8236      0.0313
    26(H )      0.0786      0.0802      0.0794      1.0208      0.9796      0.0056
    27(H )      0.0556      0.0653      0.0605      1.1744      0.8515      0.0332
    28(H )      0.0637      0.0634      0.0636      0.9942      1.0059     -0.0013
    29(H )      0.0687      0.0611      0.0649      0.8896      1.1242     -0.0259
    30(H )      0.0589      0.0805      0.0697      1.3652      0.7325      0.0736
    31(H )      0.0716      0.0845      0.0780      1.1794      0.8479      0.0439
 
 E(N):    -1022.015312 Hartree
 E(N+1):    -1022.158733 Hartree
 E(N-1):    -1021.579336 Hartree
 E_HOMO(N):     -0.363350 Hartree,   -9.8872 eV
 E_HOMO(N+1):   -0.110398 Hartree,   -3.0041 eV
 E_HOMO(N-1):   -0.589756 Hartree,  -16.0481 eV
 First vertical IP:     0.435976 Hartree,   11.8635 eV
 First vertical EA:     0.143421 Hartree,    3.9027 eV
 Mulliken electronegativity:     0.289698 Hartree,    7.8831 eV
 Chemical potential:            -0.289698 Hartree,   -7.8831 eV
 Hardness (=fundamental gap):    0.292555 Hartree,    7.9608 eV
 Softness:      3.418162 Hartree^-1,    0.1256 eV^-1
 Softness^2:   11.683831 Hartree^-2,    0.0158 eV^-2
 Electrophilicity index:    0.143435 Hartree,    3.9031 eV
 Nucleophilicity index:    -0.028152 Hartree,   -0.7660 eV
