 Note: the E(HOMO) of TCE used for evaluating nucleophilicity index is the value evaluated at B3LYP/6-31G* level
 
 Hirshfeld charges, condensed Fukui functions and condensed dual descriptors
 Units used below are "e" (elementary charge)
     Atom     q(N)    q(N+1)   q(N-1)     f-       f+       f0      CDD
     1(Pt)   0.2163  -0.0180   0.4611   0.2448   0.2343   0.2395  -0.0105
     2(N )  -0.0727  -0.0955  -0.0615   0.0112   0.0228   0.0170   0.0117
     3(Cl)  -0.3005  -0.5302   0.0157   0.3162   0.2298   0.2730  -0.0864
     4(C )  -0.0398  -0.0480  -0.0326   0.0072   0.0082   0.0077   0.0010
     5(C )   0.0120   0.0005   0.0235   0.0116   0.0115   0.0115  -0.0001
     6(N )  -0.0497  -0.0954  -0.0292   0.0204   0.0457   0.0331   0.0253
     7(H )   0.0416   0.0307   0.0519   0.0103   0.0109   0.0106   0.0005
     8(N )  -0.0703  -0.0952  -0.0586   0.0117   0.0249   0.0183   0.0132
     9(C )   0.0174   0.0055   0.0285   0.0110   0.0119   0.0115   0.0009
    10(H )   0.0511   0.0217   0.0752   0.0241   0.0294   0.0268   0.0053
    11(H )   0.0505   0.0347   0.0645   0.0140   0.0159   0.0149   0.0019
    12(H )   0.0536   0.0370   0.0654   0.0118   0.0166   0.0142   0.0047
    13(H )   0.0573   0.0290   0.0801   0.0228   0.0284   0.0256   0.0056
    14(H )   0.0620   0.0349   0.0844   0.0224   0.0271   0.0248   0.0047
    15(C )   0.0073  -0.0029   0.0180   0.0107   0.0101   0.0104  -0.0005
    16(H )   0.0452   0.0180   0.0711   0.0259   0.0272   0.0266   0.0014
    17(H )   0.0470   0.0333   0.0605   0.0135   0.0137   0.0136   0.0002
    18(C )  -0.0464  -0.0539  -0.0341   0.0123   0.0075   0.0099  -0.0048
    19(H )   0.0263   0.0164   0.0240  -0.0023   0.0099   0.0038   0.0122
    20(H )   0.0556   0.0315   0.0808   0.0252   0.0240   0.0246  -0.0012
    21(C )  -0.0392  -0.0451  -0.0326   0.0066   0.0059   0.0062  -0.0007
    22(H )   0.0486   0.0313   0.0635   0.0149   0.0173   0.0161   0.0024
    23(H )   0.0487   0.0303   0.0707   0.0221   0.0183   0.0202  -0.0037
    24(C )   0.0160   0.0041   0.0265   0.0105   0.0119   0.0112   0.0014
    25(H )   0.0583   0.0313   0.0814   0.0231   0.0270   0.0251   0.0039
    26(H )   0.0403   0.0290   0.0518   0.0115   0.0113   0.0114  -0.0002
    27(H )   0.1404   0.1186   0.1582   0.0178   0.0218   0.0198   0.0040
    28(H )   0.1366   0.1184   0.1548   0.0181   0.0183   0.0182   0.0001
    29(H )   0.1381   0.1155   0.1557   0.0176   0.0226   0.0201   0.0050
    30(H )   0.1346   0.1157   0.1509   0.0162   0.0189   0.0176   0.0027
    31(H )   0.1138   0.0969   0.1305   0.0168   0.0169   0.0168   0.0001
 
 Condensed local electrophilicity/nucleophilicity index (e*eV)
     Atom              Electrophilicity          Nucleophilicity
     1(Pt)                  0.91382                 -0.18673
     2(N )                  0.08901                 -0.00852
     3(Cl)                  0.89624                 -0.24119
     4(C )                  0.03189                 -0.00551
     5(C )                  0.04482                 -0.00881
     6(N )                  0.17828                 -0.01557
     7(H )                  0.04248                 -0.00789
     8(N )                  0.09720                 -0.00895
     9(C )                  0.04658                 -0.00842
    10(H )                  0.11476                 -0.01838
    11(H )                  0.06192                 -0.01065
    12(H )                  0.06456                 -0.00902
    13(H )                  0.11060                 -0.01738
    14(H )                  0.10574                 -0.01710
    15(C )                  0.03959                 -0.00815
    16(H )                  0.10627                 -0.01974
    17(H )                  0.05348                 -0.01029
    18(C )                  0.02923                 -0.00939
    19(H )                  0.03874                  0.00177
    20(H )                  0.09376                 -0.01925
    21(C )                  0.02287                 -0.00503
    22(H )                  0.06730                 -0.01137
    23(H )                  0.07157                 -0.01683
    24(C )                  0.04648                 -0.00800
    25(H )                  0.10532                 -0.01765
    26(H )                  0.04419                 -0.00876
    27(H )                  0.08497                 -0.01359
    28(H )                  0.07121                 -0.01384
    29(H )                  0.08833                 -0.01342
    30(H )                  0.07392                 -0.01237
    31(H )                  0.06587                 -0.01278
 
 Condensed local softness (e/Hartree), relative electrophilicity/nucleophilicity (dimensionless) and condensed local hyper-softness (e/Hartree^2)
     Atom         s-          s+          s0        s+/s-       s-/s+       s(2)
     1(Pt)      0.8407      0.8045      0.8226      0.9569      1.0450     -0.1244
     2(N )      0.0384      0.0784      0.0584      2.0433      0.4894      0.1374
     3(Cl)      1.0859      0.7890      0.9375      0.7266      1.3763     -1.0196
     4(C )      0.0248      0.0281      0.0264      1.1327      0.8829      0.0113
     5(C )      0.0397      0.0395      0.0396      0.9946      1.0054     -0.0007
     6(N )      0.0701      0.1570      0.1135      2.2383      0.4468      0.2982
     7(H )      0.0355      0.0374      0.0365      1.0524      0.9502      0.0064
     8(N )      0.0403      0.0856      0.0629      2.1239      0.4708      0.1555
     9(C )      0.0379      0.0410      0.0395      1.0823      0.9240      0.0107
    10(H )      0.0828      0.1010      0.0919      1.2208      0.8191      0.0628
    11(H )      0.0479      0.0545      0.0512      1.1371      0.8795      0.0226
    12(H )      0.0406      0.0568      0.0487      1.3992      0.7147      0.0557
    13(H )      0.0782      0.0974      0.0878      1.2447      0.8034      0.0657
    14(H )      0.0770      0.0931      0.0850      1.2091      0.8271      0.0553
    15(C )      0.0367      0.0349      0.0358      0.9501      1.0525     -0.0063
    16(H )      0.0889      0.0936      0.0912      1.0529      0.9498      0.0161
    17(H )      0.0463      0.0471      0.0467      1.0159      0.9844      0.0025
    18(C )      0.0423      0.0257      0.0340      0.6089      1.6423     -0.0568
    19(H )     -0.0080      0.0341      0.0131     -4.2804     -0.2336      0.1445
    20(H )      0.0867      0.0825      0.0846      0.9524      1.0499     -0.0142
    21(C )      0.0227      0.0201      0.0214      0.8886      1.1254     -0.0087
    22(H )      0.0512      0.0593      0.0552      1.1578      0.8637      0.0277
    23(H )      0.0758      0.0630      0.0694      0.8313      1.2029     -0.0439
    24(C )      0.0360      0.0409      0.0385      1.1353      0.8808      0.0168
    25(H )      0.0795      0.0927      0.0861      1.1666      0.8572      0.0455
    26(H )      0.0395      0.0389      0.0392      0.9860      1.0142     -0.0019
    27(H )      0.0612      0.0748      0.0680      1.2223      0.8181      0.0467
    28(H )      0.0623      0.0627      0.0625      1.0058      0.9942      0.0012
    29(H )      0.0604      0.0778      0.0691      1.2866      0.7772      0.0595
    30(H )      0.0557      0.0651      0.0604      1.1687      0.8556      0.0323
    31(H )      0.0575      0.0580      0.0578      1.0078      0.9922      0.0016
 
 E(N):    -1022.014573 Hartree
 E(N+1):    -1022.157920 Hartree
 E(N-1):    -1021.580048 Hartree
 E_HOMO(N):     -0.363229 Hartree,   -9.8840 eV
 E_HOMO(N+1):   -0.112574 Hartree,   -3.0633 eV
 E_HOMO(N-1):   -0.585470 Hartree,  -15.9315 eV
 First vertical IP:     0.434525 Hartree,   11.8240 eV
 First vertical EA:     0.143347 Hartree,    3.9007 eV
 Mulliken electronegativity:     0.288936 Hartree,    7.8623 eV
 Chemical potential:            -0.288936 Hartree,   -7.8623 eV
 Hardness (=fundamental gap):    0.291179 Hartree,    7.9234 eV
 Softness:      3.434317 Hartree^-1,    0.1262 eV^-1
 Softness^2:   11.794532 Hartree^-2,    0.0159 eV^-2
 Electrophilicity index:    0.143355 Hartree,    3.9009 eV
 Nucleophilicity index:    -0.028031 Hartree,   -0.7628 eV
