 Note: the E(HOMO) of TCE used for evaluating nucleophilicity index is the value evaluated at B3LYP/6-31G* level
 
 Hirshfeld charges, condensed Fukui functions and condensed dual descriptors
 Units used below are "e" (elementary charge)
     Atom     q(N)    q(N+1)   q(N-1)     f-       f+       f0      CDD
     1(Pt)   0.2744   0.0204   0.6734   0.3990   0.2540   0.3265  -0.1450
     2(N )  -0.0694  -0.1299  -0.0547   0.0147   0.0605   0.0376   0.0458
     3(N )  -0.0692  -0.0944  -0.0505   0.0187   0.0252   0.0220   0.0066
     4(N )  -0.0703  -0.0945  -0.0553   0.0149   0.0243   0.0196   0.0093
     5(N )  -0.0707  -0.1282  -0.0517   0.0190   0.0575   0.0382   0.0385
     6(C )   0.0268   0.0126   0.0411   0.0143   0.0142   0.0143  -0.0001
     7(H )   0.0591   0.0429   0.0777   0.0185   0.0163   0.0174  -0.0023
     8(H )   0.0749   0.0454   0.0995   0.0246   0.0295   0.0271   0.0049
     9(C )  -0.0354  -0.0463  -0.0245   0.0109   0.0110   0.0109   0.0001
    10(H )   0.0475   0.0328   0.0540   0.0065   0.0147   0.0106   0.0082
    11(H )   0.0772   0.0488   0.1075   0.0303   0.0284   0.0294  -0.0019
    12(C )   0.0273   0.0085   0.0402   0.0129   0.0188   0.0158   0.0059
    13(H )   0.0674   0.0376   0.0919   0.0245   0.0297   0.0271   0.0052
    14(H )   0.0670   0.0478   0.0845   0.0174   0.0193   0.0183   0.0019
    15(C )   0.0246   0.0108   0.0418   0.0173   0.0138   0.0155  -0.0035
    16(H )   0.0592   0.0434   0.0761   0.0169   0.0157   0.0163  -0.0012
    17(H )   0.0726   0.0439   0.1055   0.0330   0.0286   0.0308  -0.0043
    18(C )  -0.0323  -0.0404  -0.0211   0.0113   0.0080   0.0097  -0.0032
    19(H )   0.0809   0.0539   0.1058   0.0249   0.0269   0.0259   0.0020
    20(H )   0.0525   0.0371   0.0757   0.0233   0.0154   0.0193  -0.0079
    21(C )   0.0245   0.0060   0.0418   0.0173   0.0185   0.0179   0.0012
    22(H )   0.0590   0.0405   0.0760   0.0170   0.0185   0.0178   0.0015
    23(H )   0.0725   0.0403   0.1059   0.0334   0.0322   0.0328  -0.0013
    24(H )   0.1483   0.1180   0.1696   0.0213   0.0302   0.0258   0.0090
    25(H )   0.1448   0.1111   0.1661   0.0212   0.0337   0.0275   0.0125
    26(H )   0.1458   0.1240   0.1646   0.0188   0.0218   0.0203   0.0030
    27(H )   0.1509   0.1266   0.1739   0.0230   0.0243   0.0236   0.0013
    28(H )   0.1476   0.1178   0.1710   0.0234   0.0298   0.0266   0.0065
    29(H )   0.1472   0.1136   0.1714   0.0242   0.0336   0.0289   0.0095
    30(H )   0.1477   0.1234   0.1715   0.0238   0.0243   0.0241   0.0005
    31(H )   0.1470   0.1262   0.1710   0.0240   0.0208   0.0224  -0.0032
 
 Condensed local electrophilicity/nucleophilicity index (e*eV)
     Atom              Electrophilicity          Nucleophilicity
     1(Pt)                  2.16281                 -2.18240
     2(N )                  0.51532                 -0.08029
     3(N )                  0.21494                 -0.10220
     4(N )                  0.20660                 -0.08171
     5(N )                  0.48960                 -0.10368
     6(C )                  0.12115                 -0.07826
     7(H )                  0.13849                 -0.10133
     8(H )                  0.25143                 -0.13459
     9(C )                  0.09331                 -0.05951
    10(H )                  0.12519                 -0.03556
    11(H )                  0.24202                 -0.16583
    12(C )                  0.15993                 -0.07031
    13(H )                  0.25317                 -0.13424
    14(H )                  0.16417                 -0.09519
    15(C )                  0.11725                 -0.09453
    16(H )                  0.13384                 -0.09241
    17(H )                  0.24386                 -0.18030
    18(C )                  0.06855                 -0.06162
    19(H )                  0.22937                 -0.13623
    20(H )                  0.13114                 -0.12719
    21(C )                  0.15768                 -0.09485
    22(H )                  0.15782                 -0.09304
    23(H )                  0.27415                 -0.18295
    24(H )                  0.25750                 -0.11643
    25(H )                  0.28706                 -0.11617
    26(H )                  0.18593                 -0.10295
    27(H )                  0.20653                 -0.12568
    28(H )                  0.25384                 -0.12774
    29(H )                  0.28654                 -0.13233
    30(H )                  0.20707                 -0.13011
    31(H )                  0.17674                 -0.13121
 
 Condensed local softness (e/Hartree), relative electrophilicity/nucleophilicity (dimensionless) and condensed local hyper-softness (e/Hartree^2)
     Atom         s-          s+          s0        s+/s-       s-/s+       s(2)
     1(Pt)      1.2130      0.7722      0.9926      0.6366      1.5709     -1.3403
     2(N )      0.0446      0.1840      0.1143      4.1225      0.2426      0.4237
     3(N )      0.0568      0.0767      0.0668      1.3509      0.7403      0.0606
     4(N )      0.0454      0.0738      0.0596      1.6241      0.6157      0.0862
     5(N )      0.0576      0.1748      0.1162      3.0333      0.3297      0.3562
     6(C )      0.0435      0.0433      0.0434      0.9943      1.0057     -0.0007
     7(H )      0.0563      0.0494      0.0529      0.8779      1.1391     -0.0209
     8(H )      0.0748      0.0898      0.0823      1.2000      0.8334      0.0455
     9(C )      0.0331      0.0333      0.0332      1.0071      0.9930      0.0007
    10(H )      0.0198      0.0447      0.0322      2.2612      0.4422      0.0758
    11(H )      0.0922      0.0864      0.0893      0.9374      1.0668     -0.0175
    12(C )      0.0391      0.0571      0.0481      1.4612      0.6844      0.0548
    13(H )      0.0746      0.0904      0.0825      1.2114      0.8255      0.0480
    14(H )      0.0529      0.0586      0.0558      1.1078      0.9027      0.0173
    15(C )      0.0525      0.0419      0.0472      0.7966      1.2553     -0.0325
    16(H )      0.0514      0.0478      0.0496      0.9303      1.0749     -0.0109
    17(H )      0.1002      0.0871      0.0936      0.8688      1.1510     -0.0400
    18(C )      0.0343      0.0245      0.0294      0.7145      1.3997     -0.0297
    19(H )      0.0757      0.0819      0.0788      1.0814      0.9247      0.0187
    20(H )      0.0707      0.0468      0.0588      0.6622      1.5100     -0.0726
    21(C )      0.0527      0.0563      0.0545      1.0678      0.9365      0.0109
    22(H )      0.0517      0.0563      0.0540      1.0895      0.9178      0.0141
    23(H )      0.1017      0.0979      0.0998      0.9625      1.0389     -0.0116
    24(H )      0.0647      0.0919      0.0783      1.4206      0.7040      0.0827
    25(H )      0.0646      0.1025      0.0835      1.5873      0.6300      0.1153
    26(H )      0.0572      0.0664      0.0618      1.1601      0.8620      0.0278
    27(H )      0.0699      0.0737      0.0718      1.0555      0.9474      0.0118
    28(H )      0.0710      0.0906      0.0808      1.2764      0.7835      0.0597
    29(H )      0.0736      0.1023      0.0879      1.3908      0.7190      0.0874
    30(H )      0.0723      0.0739      0.0731      1.0223      0.9782      0.0049
    31(H )      0.0729      0.0631      0.0680      0.8652      1.1558     -0.0299
 
 E(N):     -578.684235 Hartree
 E(N+1):     -578.973492 Hartree
 E(N-1):     -578.066045 Hartree
 E_HOMO(N):     -0.536199 Hartree,  -14.5907 eV
 E_HOMO(N+1):   -0.262002 Hartree,   -7.1294 eV
 E_HOMO(N-1):   -0.752351 Hartree,  -20.4725 eV
 First vertical IP:     0.618190 Hartree,   16.8218 eV
 First vertical EA:     0.289257 Hartree,    7.8711 eV
 Mulliken electronegativity:     0.453723 Hartree,   12.3464 eV
 Chemical potential:            -0.453723 Hartree,  -12.3464 eV
 Hardness (=fundamental gap):    0.328933 Hartree,    8.9507 eV
 Softness:      3.040130 Hartree^-1,    0.1117 eV^-1
 Softness^2:    9.242389 Hartree^-2,    0.0125 eV^-2
 Electrophilicity index:    0.312928 Hartree,    8.5152 eV
 Nucleophilicity index:    -0.201001 Hartree,   -5.4695 eV
