 Note: the E(HOMO) of TCE used for evaluating nucleophilicity index is the value evaluated at B3LYP/6-31G* level
 
 Hirshfeld charges, condensed Fukui functions and condensed dual descriptors
 Units used below are "e" (elementary charge)
     Atom     q(N)    q(N+1)   q(N-1)     f-       f+       f0      CDD
     1(Pt)   0.2744   0.0189   0.6682   0.3938   0.2555   0.3246  -0.1383
     2(N )  -0.0698  -0.1113  -0.0537   0.0162   0.0414   0.0288   0.0252
     3(N )  -0.0698  -0.1113  -0.0537   0.0162   0.0414   0.0288   0.0252
     4(N )  -0.0698  -0.1113  -0.0537   0.0162   0.0414   0.0288   0.0252
     5(N )  -0.0698  -0.1113  -0.0537   0.0162   0.0414   0.0288   0.0252
     6(C )   0.0247   0.0082   0.0407   0.0160   0.0165   0.0162   0.0005
     7(H )   0.0593   0.0422   0.0747   0.0153   0.0172   0.0163   0.0018
     8(H )   0.0725   0.0418   0.1034   0.0309   0.0307   0.0308  -0.0002
     9(C )  -0.0323  -0.0406  -0.0217   0.0106   0.0083   0.0094  -0.0023
    10(H )   0.0525   0.0369   0.0742   0.0217   0.0156   0.0186  -0.0061
    11(H )   0.0809   0.0539   0.1051   0.0242   0.0270   0.0256   0.0029
    12(C )   0.0247   0.0082   0.0407   0.0160   0.0165   0.0162   0.0005
    13(H )   0.0593   0.0422   0.0747   0.0153   0.0172   0.0163   0.0018
    14(H )   0.0725   0.0418   0.1034   0.0309   0.0307   0.0308  -0.0002
    15(C )   0.0247   0.0082   0.0407   0.0160   0.0165   0.0162   0.0005
    16(H )   0.0725   0.0418   0.1034   0.0309   0.0307   0.0308  -0.0002
    17(H )   0.0593   0.0422   0.0747   0.0153   0.0172   0.0163   0.0018
    18(C )  -0.0323  -0.0406  -0.0217   0.0106   0.0083   0.0094  -0.0023
    19(H )   0.0525   0.0369   0.0742   0.0217   0.0156   0.0186  -0.0061
    20(H )   0.0809   0.0539   0.1051   0.0242   0.0270   0.0256   0.0029
    21(C )   0.0247   0.0082   0.0407   0.0160   0.0165   0.0162   0.0005
    22(H )   0.0725   0.0418   0.1034   0.0309   0.0307   0.0308  -0.0002
    23(H )   0.0593   0.0422   0.0747   0.0153   0.0172   0.0163   0.0018
    24(H )   0.1475   0.1180   0.1700   0.0225   0.0295   0.0260   0.0070
    25(H )   0.1466   0.1212   0.1691   0.0225   0.0254   0.0240   0.0029
    26(H )   0.1475   0.1180   0.1700   0.0225   0.0295   0.0260   0.0070
    27(H )   0.1466   0.1212   0.1691   0.0225   0.0254   0.0240   0.0029
    28(H )   0.1475   0.1180   0.1700   0.0225   0.0295   0.0260   0.0070
    29(H )   0.1466   0.1212   0.1691   0.0225   0.0254   0.0240   0.0029
    30(H )   0.1466   0.1212   0.1691   0.0225   0.0254   0.0240   0.0029
    31(H )   0.1475   0.1180   0.1700   0.0225   0.0295   0.0260   0.0070
 
 Condensed local electrophilicity/nucleophilicity index (e*eV)
     Atom              Electrophilicity          Nucleophilicity
     1(Pt)                  2.15733                 -2.14408
     2(N )                  0.34968                 -0.08803
     3(N )                  0.34968                 -0.08803
     4(N )                  0.34968                 -0.08803
     5(N )                  0.34968                 -0.08803
     6(C )                  0.13891                 -0.08704
     7(H )                  0.14509                 -0.08354
     8(H )                  0.25947                 -0.16837
     9(C )                  0.07015                 -0.05758
    10(H )                  0.13140                 -0.11805
    11(H )                  0.22826                 -0.13159
    12(C )                  0.13891                 -0.08705
    13(H )                  0.14508                 -0.08355
    14(H )                  0.25946                 -0.16838
    15(C )                  0.13890                 -0.08705
    16(H )                  0.25946                 -0.16838
    17(H )                  0.14510                 -0.08355
    18(C )                  0.07015                 -0.05758
    19(H )                  0.13138                 -0.11806
    20(H )                  0.22827                 -0.13159
    21(C )                  0.13891                 -0.08704
    22(H )                  0.25946                 -0.16837
    23(H )                  0.14510                 -0.08355
    24(H )                  0.24893                 -0.12258
    25(H )                  0.21442                 -0.12259
    26(H )                  0.24892                 -0.12261
    27(H )                  0.21443                 -0.12258
    28(H )                  0.24892                 -0.12261
    29(H )                  0.21443                 -0.12259
    30(H )                  0.21442                 -0.12259
    31(H )                  0.24893                 -0.12258
 
 Condensed local softness (e/Hartree), relative electrophilicity/nucleophilicity (dimensionless) and condensed local hyper-softness (e/Hartree^2)
     Atom         s-          s+          s0        s+/s-       s-/s+       s(2)
     1(Pt)      1.1960      0.7760      0.9860      0.6488      1.5412     -1.2757
     2(N )      0.0491      0.1258      0.0874      2.5614      0.3904      0.2329
     3(N )      0.0491      0.1258      0.0874      2.5615      0.3904      0.2329
     4(N )      0.0491      0.1258      0.0874      2.5614      0.3904      0.2329
     5(N )      0.0491      0.1258      0.0874      2.5614      0.3904      0.2329
     6(C )      0.0486      0.0500      0.0493      1.0291      0.9717      0.0043
     7(H )      0.0466      0.0522      0.0494      1.1199      0.8930      0.0170
     8(H )      0.0939      0.0933      0.0936      0.9938      1.0063     -0.0018
     9(C )      0.0321      0.0252      0.0287      0.7856      1.2729     -0.0209
    10(H )      0.0659      0.0473      0.0566      0.7178      1.3932     -0.0565
    11(H )      0.0734      0.0821      0.0778      1.1186      0.8940      0.0264
    12(C )      0.0486      0.0500      0.0493      1.0290      0.9718      0.0043
    13(H )      0.0466      0.0522      0.0494      1.1198      0.8930      0.0170
    14(H )      0.0939      0.0933      0.0936      0.9937      1.0064     -0.0018
    15(C )      0.0486      0.0500      0.0493      1.0290      0.9718      0.0043
    16(H )      0.0939      0.0933      0.0936      0.9937      1.0064     -0.0018
    17(H )      0.0466      0.0522      0.0494      1.1199      0.8929      0.0170
    18(C )      0.0321      0.0252      0.0287      0.7856      1.2729     -0.0209
    19(H )      0.0659      0.0473      0.0566      0.7176      1.3935     -0.0565
    20(H )      0.0734      0.0821      0.0778      1.1186      0.8940      0.0264
    21(C )      0.0486      0.0500      0.0493      1.0291      0.9717      0.0043
    22(H )      0.0939      0.0933      0.0936      0.9938      1.0063     -0.0018
    23(H )      0.0466      0.0522      0.0494      1.1200      0.8929      0.0170
    24(H )      0.0684      0.0895      0.0790      1.3095      0.7637      0.0643
    25(H )      0.0684      0.0771      0.0728      1.1279      0.8866      0.0266
    26(H )      0.0684      0.0895      0.0790      1.3092      0.7638      0.0642
    27(H )      0.0684      0.0771      0.0728      1.1281      0.8865      0.0266
    28(H )      0.0684      0.0895      0.0790      1.3092      0.7638      0.0642
    29(H )      0.0684      0.0771      0.0728      1.1280      0.8865      0.0266
    30(H )      0.0684      0.0771      0.0728      1.1279      0.8866      0.0266
    31(H )      0.0684      0.0895      0.0790      1.3095      0.7637      0.0643
 
 E(N):     -578.689800 Hartree
 E(N+1):     -578.977209 Hartree
 E(N-1):     -578.073165 Hartree
 E_HOMO(N):     -0.535304 Hartree,  -14.5664 eV
 E_HOMO(N+1):   -0.249444 Hartree,   -6.7877 eV
 E_HOMO(N-1):   -0.751192 Hartree,  -20.4410 eV
 First vertical IP:     0.616635 Hartree,   16.7795 eV
 First vertical EA:     0.287409 Hartree,    7.8208 eV
 Mulliken electronegativity:     0.452022 Hartree,   12.3002 eV
 Chemical potential:            -0.452022 Hartree,  -12.3002 eV
 Hardness (=fundamental gap):    0.329226 Hartree,    8.9587 eV
 Softness:      3.037430 Hartree^-1,    0.1116 eV^-1
 Softness^2:    9.225979 Hartree^-2,    0.0125 eV^-2
 Electrophilicity index:    0.310310 Hartree,    8.4440 eV
 Nucleophilicity index:    -0.200106 Hartree,   -5.4452 eV
