 Note: the E(HOMO) of TCE used for evaluating nucleophilicity index is the value evaluated at B3LYP/6-31G* level
 
 Hirshfeld charges, condensed Fukui functions and condensed dual descriptors
 Units used below are "e" (elementary charge)
     Atom     q(N)    q(N+1)   q(N-1)     f-       f+       f0      CDD
     1(Pt)   0.2756   0.0239   0.6588   0.3832   0.2517   0.3174  -0.1316
     2(N )  -0.0691  -0.1118  -0.0482   0.0210   0.0427   0.0318   0.0217
     3(N )  -0.0695  -0.1102  -0.0513   0.0181   0.0407   0.0294   0.0226
     4(N )  -0.0689  -0.1117  -0.0553   0.0136   0.0428   0.0282   0.0292
     5(N )  -0.0692  -0.1098  -0.0542   0.0150   0.0406   0.0278   0.0256
     6(C )   0.0229   0.0055   0.0373   0.0145   0.0173   0.0159   0.0029
     7(H )   0.0520   0.0347   0.0658   0.0138   0.0173   0.0155   0.0035
     8(H )   0.0737   0.0436   0.1013   0.0275   0.0301   0.0288   0.0026
     9(C )  -0.0318  -0.0414  -0.0194   0.0124   0.0096   0.0110  -0.0028
    10(H )   0.0674   0.0455   0.0866   0.0192   0.0219   0.0206   0.0026
    11(H )   0.0671   0.0454   0.0963   0.0292   0.0217   0.0254  -0.0075
    12(C )   0.0230   0.0057   0.0441   0.0211   0.0174   0.0192  -0.0037
    13(H )   0.0739   0.0436   0.1106   0.0367   0.0303   0.0335  -0.0064
    14(H )   0.0526   0.0350   0.0709   0.0182   0.0177   0.0180  -0.0006
    15(C )   0.0247   0.0084   0.0412   0.0165   0.0163   0.0164  -0.0002
    16(H )   0.0591   0.0423   0.0750   0.0159   0.0169   0.0164   0.0009
    17(H )   0.0727   0.0420   0.1052   0.0325   0.0306   0.0316  -0.0019
    18(C )  -0.0322  -0.0405  -0.0221   0.0102   0.0083   0.0092  -0.0019
    19(H )   0.0809   0.0540   0.1049   0.0239   0.0269   0.0254   0.0030
    20(H )   0.0527   0.0371   0.0733   0.0206   0.0156   0.0181  -0.0050
    21(C )   0.0245   0.0083   0.0397   0.0152   0.0162   0.0157   0.0009
    22(H )   0.0589   0.0421   0.0730   0.0141   0.0168   0.0155   0.0027
    23(H )   0.0726   0.0420   0.1015   0.0289   0.0306   0.0298   0.0017
    24(H )   0.1485   0.1221   0.1716   0.0231   0.0265   0.0248   0.0034
    25(H )   0.1492   0.1205   0.1733   0.0242   0.0286   0.0264   0.0045
    26(H )   0.1496   0.1207   0.1692   0.0196   0.0290   0.0243   0.0094
    27(H )   0.1481   0.1219   0.1709   0.0228   0.0263   0.0245   0.0035
    28(H )   0.1473   0.1220   0.1692   0.0218   0.0253   0.0236   0.0035
    29(H )   0.1479   0.1186   0.1696   0.0218   0.0293   0.0255   0.0075
    30(H )   0.1478   0.1182   0.1710   0.0232   0.0295   0.0264   0.0063
    31(H )   0.1476   0.1222   0.1696   0.0220   0.0254   0.0237   0.0034
 
 Condensed local electrophilicity/nucleophilicity index (e*eV)
     Atom              Electrophilicity          Nucleophilicity
     1(Pt)                  2.14329                 -2.08736
     2(N )                  0.36332                 -0.11413
     3(N )                  0.34665                 -0.09878
     4(N )                  0.36478                 -0.07419
     5(N )                  0.34578                 -0.08183
     6(C )                  0.14770                 -0.07875
     7(H )                  0.14745                 -0.07504
     8(H )                  0.25670                 -0.14999
     9(C )                  0.08191                 -0.06742
    10(H )                  0.18640                 -0.10481
    11(H )                  0.18487                 -0.15900
    12(C )                  0.14778                 -0.11470
    13(H )                  0.25765                 -0.19972
    14(H )                  0.15044                 -0.09939
    15(C )                  0.13906                 -0.09004
    16(H )                  0.14352                 -0.08662
    17(H )                  0.26091                 -0.17720
    18(C )                  0.07047                 -0.05535
    19(H )                  0.22929                 -0.13040
    20(H )                  0.13292                 -0.11247
    21(C )                  0.13783                 -0.08303
    22(H )                  0.14320                 -0.07707
    23(H )                  0.26046                 -0.15754
    24(H )                  0.22556                 -0.12578
    25(H )                  0.24398                 -0.13155
    26(H )                  0.24670                 -0.10680
    27(H )                  0.22368                 -0.12408
    28(H )                  0.21547                 -0.11898
    29(H )                  0.24943                 -0.11858
    30(H )                  0.25155                 -0.12661
    31(H )                  0.21648                 -0.11996
 
 Condensed local softness (e/Hartree), relative electrophilicity/nucleophilicity (dimensionless) and condensed local hyper-softness (e/Hartree^2)
     Atom         s-          s+          s0        s+/s-       s-/s+       s(2)
     1(Pt)      1.1682      0.7671      0.9676      0.6566      1.5229     -1.2226
     2(N )      0.0639      0.1300      0.0969      2.0358      0.4912      0.2017
     3(N )      0.0553      0.1241      0.0897      2.2442      0.4456      0.2096
     4(N )      0.0415      0.1306      0.0860      3.1445      0.3180      0.2714
     5(N )      0.0458      0.1238      0.0848      2.7024      0.3700      0.2376
     6(C )      0.0441      0.0529      0.0485      1.1994      0.8338      0.0268
     7(H )      0.0420      0.0528      0.0474      1.2565      0.7958      0.0328
     8(H )      0.0839      0.0919      0.0879      1.0945      0.9137      0.0242
     9(C )      0.0377      0.0293      0.0335      0.7769      1.2872     -0.0257
    10(H )      0.0587      0.0667      0.0627      1.1374      0.8792      0.0246
    11(H )      0.0890      0.0662      0.0776      0.7436      1.3449     -0.0696
    12(C )      0.0642      0.0529      0.0585      0.8240      1.2137     -0.0344
    13(H )      0.1118      0.0922      0.1020      0.8250      1.2121     -0.0596
    14(H )      0.0556      0.0538      0.0547      0.9680      1.0331     -0.0054
    15(C )      0.0504      0.0498      0.0501      0.9877      1.0125     -0.0019
    16(H )      0.0485      0.0514      0.0499      1.0597      0.9437      0.0088
    17(H )      0.0992      0.0934      0.0963      0.9416      1.0620     -0.0176
    18(C )      0.0310      0.0252      0.0281      0.8142      1.2283     -0.0175
    19(H )      0.0730      0.0821      0.0775      1.1245      0.8893      0.0277
    20(H )      0.0629      0.0476      0.0553      0.7558      1.3231     -0.0468
    21(C )      0.0465      0.0493      0.0479      1.0615      0.9420      0.0087
    22(H )      0.0431      0.0513      0.0472      1.1883      0.8415      0.0248
    23(H )      0.0882      0.0932      0.0907      1.0573      0.9458      0.0154
    24(H )      0.0704      0.0807      0.0756      1.1468      0.8720      0.0315
    25(H )      0.0736      0.0873      0.0805      1.1860      0.8431      0.0417
    26(H )      0.0598      0.0883      0.0740      1.4772      0.6769      0.0869
    27(H )      0.0694      0.0801      0.0747      1.1529      0.8674      0.0324
    28(H )      0.0666      0.0771      0.0718      1.1582      0.8634      0.0321
    29(H )      0.0664      0.0893      0.0778      1.3452      0.7434      0.0698
    30(H )      0.0709      0.0900      0.0804      1.2706      0.7871      0.0584
    31(H )      0.0671      0.0775      0.0723      1.1540      0.8666      0.0315
 
 E(N):     -578.683623 Hartree
 E(N+1):     -578.972759 Hartree
 E(N-1):     -578.066411 Hartree
 E_HOMO(N):     -0.535355 Hartree,  -14.5678 eV
 E_HOMO(N+1):   -0.252602 Hartree,   -6.8737 eV
 E_HOMO(N-1):   -0.743689 Hartree,  -20.2368 eV
 First vertical IP:     0.617212 Hartree,   16.7952 eV
 First vertical EA:     0.289136 Hartree,    7.8678 eV
 Mulliken electronegativity:     0.453174 Hartree,   12.3315 eV
 Chemical potential:            -0.453174 Hartree,  -12.3315 eV
 Hardness (=fundamental gap):    0.328076 Hartree,    8.9274 eV
 Softness:      3.048075 Hartree^-1,    0.1120 eV^-1
 Softness^2:    9.290761 Hartree^-2,    0.0125 eV^-2
 Electrophilicity index:    0.312986 Hartree,    8.5168 eV
 Nucleophilicity index:    -0.200157 Hartree,   -5.4466 eV
