 Note: the E(HOMO) of TCE used for evaluating nucleophilicity index is the value evaluated at B3LYP/6-31G* level
 
 Hirshfeld charges, condensed Fukui functions and condensed dual descriptors
 Units used below are "e" (elementary charge)
     Atom     q(N)    q(N+1)   q(N-1)     f-       f+       f0      CDD
     1(Pt)   0.2756   0.0239   0.6588   0.3832   0.2517   0.3174  -0.1316
     2(N )  -0.0689  -0.1117  -0.0553   0.0136   0.0428   0.0282   0.0292
     3(N )  -0.0692  -0.1098  -0.0542   0.0150   0.0406   0.0278   0.0256
     4(N )  -0.0691  -0.1118  -0.0482   0.0210   0.0427   0.0318   0.0217
     5(N )  -0.0695  -0.1102  -0.0513   0.0181   0.0407   0.0294   0.0226
     6(C )   0.0230   0.0057   0.0441   0.0211   0.0174   0.0192  -0.0037
     7(H )   0.0739   0.0436   0.1106   0.0367   0.0303   0.0335  -0.0064
     8(H )   0.0526   0.0350   0.0709   0.0183   0.0177   0.0180  -0.0006
     9(C )  -0.0318  -0.0414  -0.0194   0.0124   0.0096   0.0110  -0.0028
    10(H )   0.0674   0.0455   0.0866   0.0192   0.0219   0.0206   0.0026
    11(H )   0.0671   0.0454   0.0963   0.0292   0.0217   0.0255  -0.0075
    12(C )   0.0229   0.0055   0.0373   0.0145   0.0173   0.0159   0.0029
    13(H )   0.0520   0.0347   0.0658   0.0138   0.0173   0.0155   0.0035
    14(H )   0.0737   0.0436   0.1013   0.0275   0.0301   0.0288   0.0026
    15(C )   0.0245   0.0083   0.0397   0.0152   0.0162   0.0157   0.0009
    16(H )   0.0589   0.0421   0.0730   0.0142   0.0168   0.0155   0.0027
    17(H )   0.0726   0.0420   0.1015   0.0289   0.0306   0.0298   0.0017
    18(C )  -0.0322  -0.0405  -0.0221   0.0102   0.0083   0.0092  -0.0019
    19(H )   0.0809   0.0540   0.1049   0.0239   0.0269   0.0254   0.0030
    20(H )   0.0527   0.0371   0.0733   0.0207   0.0156   0.0181  -0.0050
    21(C )   0.0247   0.0084   0.0412   0.0165   0.0163   0.0164  -0.0002
    22(H )   0.0591   0.0423   0.0750   0.0159   0.0169   0.0164   0.0009
    23(H )   0.0727   0.0420   0.1052   0.0325   0.0306   0.0316  -0.0019
    24(H )   0.1496   0.1207   0.1692   0.0196   0.0290   0.0243   0.0094
    25(H )   0.1481   0.1219   0.1709   0.0228   0.0263   0.0245   0.0035
    26(H )   0.1485   0.1221   0.1716   0.0231   0.0265   0.0248   0.0034
    27(H )   0.1492   0.1205   0.1733   0.0242   0.0286   0.0264   0.0045
    28(H )   0.1476   0.1222   0.1696   0.0220   0.0254   0.0237   0.0034
    29(H )   0.1478   0.1182   0.1710   0.0232   0.0295   0.0264   0.0063
    30(H )   0.1478   0.1186   0.1696   0.0218   0.0293   0.0255   0.0075
    31(H )   0.1473   0.1220   0.1692   0.0218   0.0253   0.0236   0.0035
 
 Condensed local electrophilicity/nucleophilicity index (e*eV)
     Atom              Electrophilicity          Nucleophilicity
     1(Pt)                  2.14332                 -2.08731
     2(N )                  0.36467                 -0.07421
     3(N )                  0.34580                 -0.08185
     4(N )                  0.36342                 -0.11412
     5(N )                  0.34657                 -0.09881
     6(C )                  0.14780                 -0.11470
     7(H )                  0.25765                 -0.19973
     8(H )                  0.15045                 -0.09940
     9(C )                  0.08193                 -0.06740
    10(H )                  0.18639                 -0.10482
    11(H )                  0.18487                 -0.15901
    12(C )                  0.14773                 -0.07871
    13(H )                  0.14747                 -0.07502
    14(H )                  0.25672                 -0.14998
    15(C )                  0.13782                 -0.08304
    16(H )                  0.14316                 -0.07710
    17(H )                  0.26046                 -0.15754
    18(C )                  0.07050                 -0.05534
    19(H )                  0.22930                 -0.13039
    20(H )                  0.13291                 -0.11248
    21(C )                  0.13906                 -0.09003
    22(H )                  0.14351                 -0.08662
    23(H )                  0.26090                 -0.17720
    24(H )                  0.24667                 -0.10680
    25(H )                  0.22365                 -0.12407
    26(H )                  0.22559                 -0.12577
    27(H )                  0.24397                 -0.13156
    28(H )                  0.21646                 -0.11997
    29(H )                  0.25151                 -0.12662
    30(H )                  0.24942                 -0.11859
    31(H )                  0.21552                 -0.11896
 
 Condensed local softness (e/Hartree), relative electrophilicity/nucleophilicity (dimensionless) and condensed local hyper-softness (e/Hartree^2)
     Atom         s-          s+          s0        s+/s-       s-/s+       s(2)
     1(Pt)      1.1681      0.7671      0.9676      0.6567      1.5228     -1.2225
     2(N )      0.0415      0.1305      0.0860      3.1427      0.3182      0.2712
     3(N )      0.0458      0.1238      0.0848      2.7018      0.3701      0.2376
     4(N )      0.0639      0.1301      0.0970      2.0365      0.4910      0.2018
     5(N )      0.0553      0.1240      0.0897      2.2431      0.4458      0.2095
     6(C )      0.0642      0.0529      0.0585      0.8241      1.2135     -0.0344
     7(H )      0.1118      0.0922      0.1020      0.8250      1.2122     -0.0596
     8(H )      0.0556      0.0538      0.0547      0.9679      1.0331     -0.0054
     9(C )      0.0377      0.0293      0.0335      0.7773      1.2864     -0.0256
    10(H )      0.0587      0.0667      0.0627      1.1372      0.8794      0.0245
    11(H )      0.0890      0.0662      0.0776      0.7435      1.3449     -0.0696
    12(C )      0.0440      0.0529      0.0485      1.2003      0.8331      0.0269
    13(H )      0.0420      0.0528      0.0474      1.2571      0.7955      0.0329
    14(H )      0.0839      0.0919      0.0879      1.0947      0.9135      0.0242
    15(C )      0.0465      0.0493      0.0479      1.0614      0.9422      0.0087
    16(H )      0.0431      0.0512      0.0472      1.1875      0.8421      0.0247
    17(H )      0.0882      0.0932      0.0907      1.0573      0.9458      0.0154
    18(C )      0.0310      0.0252      0.0281      0.8147      1.2275     -0.0175
    19(H )      0.0730      0.0821      0.0775      1.1246      0.8892      0.0277
    20(H )      0.0629      0.0476      0.0553      0.7557      1.3233     -0.0469
    21(C )      0.0504      0.0498      0.0501      0.9878      1.0124     -0.0019
    22(H )      0.0485      0.0514      0.0499      1.0596      0.9438      0.0088
    23(H )      0.0992      0.0934      0.0963      0.9416      1.0620     -0.0177
    24(H )      0.0598      0.0883      0.0740      1.4770      0.6770      0.0869
    25(H )      0.0694      0.0800      0.0747      1.1528      0.8675      0.0323
    26(H )      0.0704      0.0807      0.0756      1.1471      0.8718      0.0316
    27(H )      0.0736      0.0873      0.0805      1.1859      0.8432      0.0417
    28(H )      0.0671      0.0775      0.0723      1.1539      0.8667      0.0315
    29(H )      0.0709      0.0900      0.0804      1.2703      0.7872      0.0584
    30(H )      0.0664      0.0893      0.0778      1.3450      0.7435      0.0698
    31(H )      0.0666      0.0771      0.0719      1.1586      0.8631      0.0322
 
 E(N):     -578.683623 Hartree
 E(N+1):     -578.972759 Hartree
 E(N-1):     -578.066411 Hartree
 E_HOMO(N):     -0.535355 Hartree,  -14.5678 eV
 E_HOMO(N+1):   -0.252602 Hartree,   -6.8737 eV
 E_HOMO(N-1):   -0.743688 Hartree,  -20.2368 eV
 First vertical IP:     0.617212 Hartree,   16.7952 eV
 First vertical EA:     0.289136 Hartree,    7.8678 eV
 Mulliken electronegativity:     0.453174 Hartree,   12.3315 eV
 Chemical potential:            -0.453174 Hartree,  -12.3315 eV
 Hardness (=fundamental gap):    0.328076 Hartree,    8.9274 eV
 Softness:      3.048075 Hartree^-1,    0.1120 eV^-1
 Softness^2:    9.290761 Hartree^-2,    0.0125 eV^-2
 Electrophilicity index:    0.312986 Hartree,    8.5168 eV
 Nucleophilicity index:    -0.200157 Hartree,   -5.4466 eV
