 Note: the E(HOMO) of TCE used for evaluating nucleophilicity index is the value evaluated at B3LYP/6-31G* level
 
 Hirshfeld charges, condensed Fukui functions and condensed dual descriptors
 Units used below are "e" (elementary charge)
     Atom     q(N)    q(N+1)   q(N-1)     f-       f+       f0      CDD
     1(Pt)   0.2744   0.0263   0.5605   0.2861   0.2480   0.2671  -0.0381
     2(N )  -0.0702  -0.0933  -0.0197   0.0505   0.0231   0.0368  -0.0274
     3(N )  -0.0696  -0.1306  -0.0552   0.0143   0.0610   0.0377   0.0467
     4(N )  -0.0696  -0.1306  -0.0577   0.0119   0.0610   0.0364   0.0491
     5(N )  -0.0702  -0.0933  -0.0194   0.0507   0.0231   0.0369  -0.0277
     6(C )   0.0267   0.0076   0.0407   0.0140   0.0191   0.0166   0.0051
     7(H )   0.0749   0.0428   0.1018   0.0269   0.0321   0.0295   0.0052
     8(H )   0.0591   0.0393   0.0748   0.0157   0.0198   0.0178   0.0041
     9(C )  -0.0355  -0.0462  -0.0240   0.0115   0.0107   0.0111  -0.0008
    10(H )   0.0772   0.0496   0.1049   0.0277   0.0276   0.0277  -0.0001
    11(H )   0.0473   0.0325   0.0624   0.0151   0.0148   0.0150  -0.0003
    12(C )   0.0273   0.0123   0.0513   0.0239   0.0150   0.0195  -0.0089
    13(H )   0.0669   0.0488   0.0879   0.0210   0.0180   0.0195  -0.0030
    14(H )   0.0674   0.0412   0.1064   0.0390   0.0262   0.0326  -0.0128
    15(C )   0.0267   0.0076   0.0396   0.0129   0.0191   0.0160   0.0062
    16(H )   0.0591   0.0393   0.0736   0.0145   0.0198   0.0172   0.0053
    17(H )   0.0749   0.0428   0.1011   0.0261   0.0321   0.0291   0.0060
    18(C )  -0.0355  -0.0462  -0.0223   0.0132   0.0107   0.0120  -0.0025
    19(H )   0.0772   0.0496   0.1030   0.0257   0.0276   0.0267   0.0019
    20(H )   0.0473   0.0325   0.0618   0.0145   0.0148   0.0147   0.0003
    21(C )   0.0273   0.0123   0.0518   0.0245   0.0150   0.0197  -0.0094
    22(H )   0.0674   0.0412   0.1023   0.0349   0.0262   0.0305  -0.0088
    23(H )   0.0669   0.0488   0.0900   0.0232   0.0180   0.0206  -0.0051
    24(H )   0.1447   0.1212   0.1750   0.0302   0.0235   0.0269  -0.0067
    25(H )   0.1491   0.1294   0.1801   0.0310   0.0197   0.0254  -0.0113
    26(H )   0.1514   0.1179   0.1685   0.0171   0.0334   0.0253   0.0163
    27(H )   0.1458   0.1142   0.1684   0.0225   0.0317   0.0271   0.0092
    28(H )   0.1447   0.1212   0.1767   0.0319   0.0235   0.0277  -0.0084
    29(H )   0.1491   0.1294   0.1794   0.0302   0.0197   0.0250  -0.0105
    30(H )   0.1458   0.1142   0.1621   0.0163   0.0317   0.0240   0.0154
    31(H )   0.1514   0.1179   0.1741   0.0227   0.0334   0.0281   0.0107
 
 Condensed local electrophilicity/nucleophilicity index (e*eV)
     Atom              Electrophilicity          Nucleophilicity
     1(Pt)                  2.12333                 -1.57241
     2(N )                  0.19764                 -0.27754
     3(N )                  0.52216                 -0.07877
     4(N )                  0.52241                 -0.06528
     5(N )                  0.19763                 -0.27888
     6(C )                  0.16366                 -0.07700
     7(H )                  0.27496                 -0.14766
     8(H )                  0.16957                 -0.08631
     9(C )                  0.09179                 -0.06335
    10(H )                  0.23631                 -0.15238
    11(H )                  0.12678                 -0.08302
    12(C )                  0.12871                 -0.13160
    13(H )                  0.15445                 -0.11565
    14(H )                  0.22396                 -0.21415
    15(C )                  0.16364                 -0.07073
    16(H )                  0.16956                 -0.07972
    17(H )                  0.27492                 -0.14367
    18(C )                  0.09179                 -0.07247
    19(H )                  0.23630                 -0.14151
    20(H )                  0.12674                 -0.07992
    21(C )                  0.12871                 -0.13438
    22(H )                  0.22396                 -0.19192
    23(H )                  0.15441                 -0.12727
    24(H )                  0.20139                 -0.16601
    25(H )                  0.16872                 -0.17044
    26(H )                  0.28637                 -0.09422
    27(H )                  0.27130                 -0.12384
    28(H )                  0.20137                 -0.17537
    29(H )                  0.16870                 -0.16618
    30(H )                  0.27121                 -0.08941
    31(H )                  0.28633                 -0.12495
 
 Condensed local softness (e/Hartree), relative electrophilicity/nucleophilicity (dimensionless) and condensed local hyper-softness (e/Hartree^2)
     Atom         s-          s+          s0        s+/s-       s-/s+       s(2)
     1(Pt)      0.8605      0.7459      0.8032      0.8668      1.1536     -0.3446
     2(N )      0.1519      0.0694      0.1107      0.4571      2.1875     -0.2480
     3(N )      0.0431      0.1834      0.1133      4.2552      0.2350      0.4220
     4(N )      0.0357      0.1835      0.1096      5.1373      0.1947      0.4445
     5(N )      0.1526      0.0694      0.1110      0.4549      2.1982     -0.2502
     6(C )      0.0421      0.0575      0.0498      1.3644      0.7329      0.0462
     7(H )      0.0808      0.0966      0.0887      1.1953      0.8366      0.0475
     8(H )      0.0472      0.0596      0.0534      1.2612      0.7929      0.0371
     9(C )      0.0347      0.0322      0.0335      0.9300      1.0752     -0.0073
    10(H )      0.0834      0.0830      0.0832      0.9955      1.0045     -0.0011
    11(H )      0.0454      0.0445      0.0450      0.9802      1.0202     -0.0027
    12(C )      0.0720      0.0452      0.0586      0.6278      1.5928     -0.0806
    13(H )      0.0633      0.0543      0.0588      0.8573      1.1665     -0.0272
    14(H )      0.1172      0.0787      0.0979      0.6714      1.4895     -0.1158
    15(C )      0.0387      0.0575      0.0481      1.4851      0.6734      0.0565
    16(H )      0.0436      0.0596      0.0516      1.3654      0.7324      0.0479
    17(H )      0.0786      0.0966      0.0876      1.2284      0.8141      0.0540
    18(C )      0.0397      0.0322      0.0359      0.8131      1.2299     -0.0223
    19(H )      0.0774      0.0830      0.0802      1.0719      0.9329      0.0167
    20(H )      0.0437      0.0445      0.0441      1.0180      0.9823      0.0024
    21(C )      0.0735      0.0452      0.0594      0.6148      1.6264     -0.0852
    22(H )      0.1050      0.0787      0.0918      0.7491      1.3349     -0.0792
    23(H )      0.0696      0.0542      0.0619      0.7788      1.2840     -0.0463
    24(H )      0.0908      0.0707      0.0808      0.7787      1.2841     -0.0604
    25(H )      0.0933      0.0593      0.0763      0.6355      1.5737     -0.1023
    26(H )      0.0516      0.1006      0.0761      1.9510      0.5125      0.1475
    27(H )      0.0678      0.0953      0.0815      1.4064      0.7111      0.0828
    28(H )      0.0960      0.0707      0.0834      0.7371      1.3566     -0.0759
    29(H )      0.0909      0.0593      0.0751      0.6517      1.5345     -0.0953
    30(H )      0.0489      0.0953      0.0721      1.9472      0.5135      0.1394
    31(H )      0.0684      0.1006      0.0845      1.4711      0.6798      0.0969
 
 E(N):     -578.678642 Hartree
 E(N+1):     -578.969800 Hartree
 E(N-1):     -578.054968 Hartree
 E_HOMO(N):     -0.537161 Hartree,  -14.6169 eV
 E_HOMO(N+1):   -0.267920 Hartree,   -7.2905 eV
 E_HOMO(N-1):   -0.745621 Hartree,  -20.2894 eV
 First vertical IP:     0.623674 Hartree,   16.9710 eV
 First vertical EA:     0.291158 Hartree,    7.9228 eV
 Mulliken electronegativity:     0.457416 Hartree,   12.4469 eV
 Chemical potential:            -0.457416 Hartree,  -12.4469 eV
 Hardness (=fundamental gap):    0.332515 Hartree,    9.0482 eV
 Softness:      3.007379 Hartree^-1,    0.1105 eV^-1
 Softness^2:    9.044328 Hartree^-2,    0.0122 eV^-2
 Electrophilicity index:    0.314616 Hartree,    8.5611 eV
 Nucleophilicity index:    -0.201963 Hartree,   -5.4957 eV
