 Note: the E(HOMO) of TCE used for evaluating nucleophilicity index is the value evaluated at B3LYP/6-31G* level
 
 Hirshfeld charges, condensed Fukui functions and condensed dual descriptors
 Units used below are "e" (elementary charge)
     Atom     q(N)    q(N+1)   q(N-1)     f-       f+       f0      CDD
     1(Pt)   0.2268   0.1493   0.2946   0.0678   0.0775   0.0727   0.0097
     2(N )  -0.0814  -0.0920  -0.0658   0.0156   0.0106   0.0131  -0.0050
     3(N )  -0.0810  -0.0915  -0.0662   0.0148   0.0105   0.0126  -0.0044
     4(C )   0.0098  -0.0145   0.0186   0.0088   0.0243   0.0165   0.0155
     5(H )   0.0463   0.0095   0.0538   0.0075   0.0368   0.0222   0.0292
     6(H )   0.0418  -0.0112   0.0599   0.0181   0.0530   0.0356   0.0349
     7(C )  -0.0430  -0.0658  -0.0373   0.0057   0.0228   0.0142   0.0171
     8(H )   0.0488   0.0117   0.0659   0.0171   0.0370   0.0271   0.0200
     9(H )   0.0359  -0.0318   0.0451   0.0093   0.0676   0.0384   0.0583
    10(C )   0.0098  -0.0144   0.0185   0.0087   0.0242   0.0165   0.0155
    11(H )   0.0463   0.0091   0.0538   0.0075   0.0373   0.0224   0.0298
    12(H )   0.0418  -0.0112   0.0598   0.0180   0.0530   0.0355   0.0350
    13(H )   0.1341   0.0770   0.1470   0.0129   0.0571   0.0350   0.0441
    14(H )   0.1289   0.0098   0.1437   0.0148   0.1191   0.0669   0.1043
    15(H )   0.1289   0.0094   0.1439   0.0150   0.1195   0.0673   0.1044
    16(H )   0.1340   0.0769   0.1469   0.0129   0.0570   0.0350   0.0441
    17(O )  -0.2837  -0.2868  -0.2263   0.0573   0.0031   0.0302  -0.0542
    18(C )   0.1711   0.1625   0.2196   0.0485   0.0086   0.0286  -0.0399
    19(O )  -0.2820  -0.2852  -0.2291   0.0529   0.0033   0.0281  -0.0496
    20(C )   0.1749   0.1664   0.2186   0.0438   0.0085   0.0261  -0.0353
    21(C )  -0.0077  -0.0093   0.0254   0.0330   0.0016   0.0173  -0.0315
    22(O )  -0.2868  -0.3167  -0.1188   0.1680   0.0299   0.0989  -0.1381
    23(O )  -0.2898  -0.3200  -0.1216   0.1682   0.0302   0.0992  -0.1380
    24(C )  -0.0550  -0.0598  -0.0394   0.0156   0.0048   0.0102  -0.0107
    25(H )   0.0111   0.0022   0.0324   0.0213   0.0088   0.0151  -0.0125
    26(H )   0.0241   0.0123   0.0506   0.0264   0.0118   0.0191  -0.0146
    27(C )  -0.0553  -0.0624  -0.0412   0.0140   0.0071   0.0106  -0.0070
    28(H )   0.0275   0.0191   0.0466   0.0192   0.0084   0.0138  -0.0108
    29(H )   0.0274   0.0186   0.0467   0.0192   0.0088   0.0140  -0.0105
    30(C )  -0.0530  -0.0598  -0.0359   0.0171   0.0068   0.0119  -0.0103
    31(H )   0.0217   0.0103   0.0472   0.0255   0.0114   0.0184  -0.0141
    32(H )   0.0278   0.0199   0.0428   0.0150   0.0079   0.0115  -0.0071
 
 Condensed local electrophilicity/nucleophilicity index (e*eV)
     Atom              Electrophilicity          Nucleophilicity
     1(Pt)                  0.07923                  0.21898
     2(N )                  0.01086                  0.05034
     3(N )                  0.01069                  0.04792
     4(C )                  0.02481                  0.02842
     5(H )                  0.03760                  0.02435
     6(H )                  0.05418                  0.05850
     7(C )                  0.02332                  0.01835
     8(H )                  0.03787                  0.05521
     9(H )                  0.06912                  0.02995
    10(C )                  0.02475                  0.02814
    11(H )                  0.03809                  0.02427
    12(H )                  0.05415                  0.05816
    13(H )                  0.05833                  0.04174
    14(H )                  0.12174                  0.04779
    15(H )                  0.12212                  0.04854
    16(H )                  0.05830                  0.04171
    17(O )                  0.00317                  0.18516
    18(C )                  0.00878                  0.15670
    19(O )                  0.00334                  0.17081
    20(C )                  0.00869                  0.14137
    21(C )                  0.00162                  0.10673
    22(O )                  0.03056                  0.54248
    23(O )                  0.03086                  0.54322
    24(C )                  0.00492                  0.05026
    25(H )                  0.00902                  0.06882
    26(H )                  0.01207                  0.08543
    27(C )                  0.00724                  0.04536
    28(H )                  0.00854                  0.06191
    29(H )                  0.00898                  0.06216
    30(C )                  0.00693                  0.05523
    31(H )                  0.01162                  0.08239
    32(H )                  0.00806                  0.04856
 
 Condensed local softness (e/Hartree), relative electrophilicity/nucleophilicity (dimensionless) and condensed local hyper-softness (e/Hartree^2)
     Atom         s-          s+          s0        s+/s-       s-/s+       s(2)
     1(Pt)      0.2545      0.2910      0.2727      1.1434      0.8746      0.1370
     2(N )      0.0585      0.0399      0.0492      0.6818      1.4666     -0.0699
     3(N )      0.0557      0.0393      0.0475      0.7052      1.4180     -0.0616
     4(C )      0.0330      0.0911      0.0621      2.7585      0.3625      0.2180
     5(H )      0.0283      0.1381      0.0832      4.8789      0.2050      0.4121
     6(H )      0.0680      0.1990      0.1335      2.9266      0.3417      0.4916
     7(C )      0.0213      0.0857      0.0535      4.0173      0.2489      0.2415
     8(H )      0.0642      0.1391      0.1016      2.1671      0.4614      0.2811
     9(H )      0.0348      0.2538      0.1443      7.2917      0.1371      0.8221
    10(C )      0.0327      0.0909      0.0618      2.7786      0.3599      0.2183
    11(H )      0.0282      0.1399      0.0841      4.9592      0.2016      0.4192
    12(H )      0.0676      0.1989      0.1332      2.9423      0.3399      0.4928
    13(H )      0.0485      0.2142      0.1314      4.4160      0.2265      0.6220
    14(H )      0.0555      0.4471      0.2513      8.0490      0.1242      1.4696
    15(H )      0.0564      0.4485      0.2524      7.9503      0.1258      1.4716
    16(H )      0.0485      0.2141      0.1313      4.4167      0.2264      0.6216
    17(O )      0.2152      0.0116      0.1134      0.0541     18.4916     -0.7640
    18(C )      0.1821      0.0323      0.1072      0.1772      5.6448     -0.5625
    19(O )      0.1985      0.0123      0.1054      0.0617     16.1985     -0.6991
    20(C )      0.1643      0.0319      0.0981      0.1942      5.1496     -0.4969
    21(C )      0.1240      0.0059      0.0650      0.0479     20.8825     -0.4433
    22(O )      0.6305      0.1122      0.3714      0.1780      5.6168     -1.9452
    23(O )      0.6313      0.1133      0.3723      0.1795      5.5702     -1.9443
    24(C )      0.0584      0.0181      0.0382      0.3095      3.2306     -0.1514
    25(H )      0.0800      0.0331      0.0566      0.4140      2.4152     -0.1759
    26(H )      0.0993      0.0443      0.0718      0.4464      2.2402     -0.2063
    27(C )      0.0527      0.0266      0.0397      0.5047      1.9813     -0.0980
    28(H )      0.0719      0.0314      0.0517      0.4359      2.2942     -0.1523
    29(H )      0.0722      0.0330      0.0526      0.4564      2.1909     -0.1474
    30(C )      0.0642      0.0255      0.0448      0.3967      2.5206     -0.1453
    31(H )      0.0958      0.0427      0.0692      0.4458      2.2431     -0.1992
    32(H )      0.0564      0.0296      0.0430      0.5245      1.9067     -0.1007
 
 E(N):     -882.532197 Hartree
 E(N+1):     -882.540461 Hartree
 E(N-1):     -882.257521 Hartree
 E_HOMO(N):     -0.216503 Hartree,   -5.8914 eV
 E_HOMO(N+1):    0.028040 Hartree,    0.7630 eV
 E_HOMO(N-1):   -0.392547 Hartree,  -10.6817 eV
 First vertical IP:     0.274675 Hartree,    7.4743 eV
 First vertical EA:     0.008265 Hartree,    0.2249 eV
 Mulliken electronegativity:     0.141470 Hartree,    3.8496 eV
 Chemical potential:            -0.141470 Hartree,   -3.8496 eV
 Hardness (=fundamental gap):    0.266411 Hartree,    7.2494 eV
 Softness:      3.753605 Hartree^-1,    0.1379 eV^-1
 Softness^2:   14.089547 Hartree^-2,    0.0190 eV^-2
 Electrophilicity index:    0.037562 Hartree,    1.0221 eV
 Nucleophilicity index:     0.118695 Hartree,    3.2298 eV
