 Note: the E(HOMO) of TCE used for evaluating nucleophilicity index is the value evaluated at B3LYP/6-31G* level
 
 Hirshfeld charges, condensed Fukui functions and condensed dual descriptors
 Units used below are "e" (elementary charge)
     Atom     q(N)    q(N+1)   q(N-1)     f-       f+       f0      CDD
     1(Pt)   0.2130  -0.0238   0.4578   0.2448   0.2368   0.2408  -0.0080
     2(N )  -0.0754  -0.0998  -0.0632   0.0122   0.0244   0.0183   0.0122
     3(Cl)  -0.2852  -0.5171   0.0401   0.3254   0.2318   0.2786  -0.0935
     4(C )  -0.0385  -0.0449  -0.0315   0.0070   0.0065   0.0067  -0.0005
     5(C )   0.0082  -0.0030   0.0203   0.0120   0.0112   0.0116  -0.0008
     6(N )  -0.0494  -0.0909  -0.0295   0.0200   0.0415   0.0307   0.0215
     7(H )   0.0639   0.0388   0.0860   0.0221   0.0251   0.0236   0.0030
     8(N )  -0.0719  -0.0985  -0.0608   0.0111   0.0266   0.0188   0.0156
     9(C )   0.0164   0.0048   0.0274   0.0110   0.0116   0.0113   0.0006
    10(H )   0.0478   0.0318   0.0594   0.0117   0.0160   0.0138   0.0044
    11(H )   0.0499   0.0200   0.0775   0.0277   0.0298   0.0288   0.0022
    12(H )   0.0574   0.0294   0.0818   0.0244   0.0280   0.0262   0.0035
    13(H )   0.0546   0.0396   0.0647   0.0101   0.0151   0.0126   0.0050
    14(H )   0.0410   0.0282   0.0562   0.0152   0.0129   0.0140  -0.0023
    15(C )   0.0098  -0.0027   0.0200   0.0102   0.0125   0.0113   0.0023
    16(H )   0.0468   0.0178   0.0696   0.0228   0.0290   0.0259   0.0062
    17(H )   0.0421   0.0270   0.0530   0.0110   0.0150   0.0130   0.0041
    18(C )  -0.0401  -0.0450  -0.0355   0.0046   0.0048   0.0047   0.0002
    19(H )   0.0518   0.0289   0.0715   0.0197   0.0229   0.0213   0.0032
    20(H )   0.0375   0.0293   0.0427   0.0052   0.0082   0.0067   0.0030
    21(C )  -0.0383  -0.0430  -0.0322   0.0061   0.0047   0.0054  -0.0014
    22(H )   0.0386   0.0268   0.0516   0.0130   0.0118   0.0124  -0.0012
    23(H )   0.0563   0.0344   0.0751   0.0189   0.0218   0.0203   0.0029
    24(C )   0.0149   0.0040   0.0240   0.0091   0.0109   0.0100   0.0018
    25(H )   0.0549   0.0295   0.0749   0.0200   0.0254   0.0227   0.0054
    26(H )   0.0485   0.0369   0.0530   0.0046   0.0116   0.0081   0.0070
    27(H )   0.1243   0.1044   0.1486   0.0243   0.0199   0.0221  -0.0045
    28(H )   0.1316   0.1123   0.1480   0.0165   0.0192   0.0178   0.0028
    29(H )   0.1327   0.1117   0.1544   0.0217   0.0210   0.0214  -0.0007
    30(H )   0.1376   0.1140   0.1558   0.0182   0.0236   0.0209   0.0054
    31(H )   0.1190   0.0989   0.1387   0.0196   0.0201   0.0199   0.0005
 
 Condensed local electrophilicity/nucleophilicity index (e*eV)
     Atom              Electrophilicity          Nucleophilicity
     1(Pt)                  0.93393                 -0.19843
     2(N )                  0.09626                 -0.00993
     3(Cl)                  0.91422                 -0.26372
     4(C )                  0.02550                 -0.00568
     5(C )                  0.04424                 -0.00976
     6(N )                  0.16361                 -0.01619
     7(H )                  0.09916                 -0.01792
     8(N )                  0.10499                 -0.00896
     9(C )                  0.04589                 -0.00891
    10(H )                  0.06314                 -0.00945
    11(H )                  0.11768                 -0.02242
    12(H )                  0.11031                 -0.01981
    13(H )                  0.05951                 -0.00818
    14(H )                  0.05072                 -0.01232
    15(C )                  0.04922                 -0.00827
    16(H )                  0.11447                 -0.01848
    17(H )                  0.05926                 -0.00888
    18(C )                  0.01903                 -0.00377
    19(H )                  0.09018                 -0.01597
    20(H )                  0.03239                 -0.00421
    21(C )                  0.01871                 -0.00495
    22(H )                  0.04657                 -0.01054
    23(H )                  0.08604                 -0.01530
    24(C )                  0.04295                 -0.00736
    25(H )                  0.10008                 -0.01622
    26(H )                  0.04570                 -0.00369
    27(H )                  0.07828                 -0.01974
    28(H )                  0.07588                 -0.01334
    29(H )                  0.08292                 -0.01758
    30(H )                  0.09309                 -0.01474
    31(H )                  0.07925                 -0.01591
 
 Condensed local softness (e/Hartree), relative electrophilicity/nucleophilicity (dimensionless) and condensed local hyper-softness (e/Hartree^2)
     Atom         s-          s+          s0        s+/s-       s-/s+       s(2)
     1(Pt)      0.8366      0.8094      0.8230      0.9675      1.0336     -0.0930
     2(N )      0.0419      0.0834      0.0626      1.9930      0.5017      0.1421
     3(Cl)      1.1119      0.7923      0.9521      0.7126      1.4033     -1.0921
     4(C )      0.0240      0.0221      0.0230      0.9226      1.0839     -0.0063
     5(C )      0.0411      0.0383      0.0397      0.9322      1.0727     -0.0095
     6(N )      0.0683      0.1418      0.1050      2.0772      0.4814      0.2513
     7(H )      0.0755      0.0859      0.0807      1.1376      0.8791      0.0355
     8(N )      0.0378      0.0910      0.0644      2.4090      0.4151      0.1819
     9(C )      0.0376      0.0398      0.0387      1.0588      0.9445      0.0076
    10(H )      0.0398      0.0547      0.0473      1.3733      0.7282      0.0508
    11(H )      0.0945      0.1020      0.0983      1.0788      0.9270      0.0255
    12(H )      0.0835      0.0956      0.0896      1.1447      0.8736      0.0413
    13(H )      0.0345      0.0516      0.0430      1.4954      0.6687      0.0584
    14(H )      0.0519      0.0440      0.0479      0.8466      1.1812     -0.0272
    15(C )      0.0349      0.0427      0.0388      1.2238      0.8171      0.0267
    16(H )      0.0779      0.0992      0.0886      1.2735      0.7852      0.0728
    17(H )      0.0374      0.0514      0.0444      1.3715      0.7291      0.0475
    18(C )      0.0159      0.0165      0.0162      1.0379      0.9635      0.0021
    19(H )      0.0673      0.0782      0.0728      1.1605      0.8617      0.0369
    20(H )      0.0177      0.0281      0.0229      1.5831      0.6317      0.0353
    21(C )      0.0208      0.0162      0.0185      0.7775      1.2861     -0.0158
    22(H )      0.0444      0.0404      0.0424      0.9080      1.1014     -0.0140
    23(H )      0.0645      0.0746      0.0695      1.1563      0.8648      0.0344
    24(C )      0.0310      0.0372      0.0341      1.1994      0.8337      0.0212
    25(H )      0.0684      0.0867      0.0775      1.2687      0.7882      0.0628
    26(H )      0.0156      0.0396      0.0276      2.5438      0.3931      0.0821
    27(H )      0.0832      0.0678      0.0755      0.8153      1.2266     -0.0525
    28(H )      0.0562      0.0658      0.0610      1.1695      0.8551      0.0326
    29(H )      0.0741      0.0719      0.0730      0.9693      1.0317     -0.0078
    30(H )      0.0621      0.0807      0.0714      1.2983      0.7703      0.0633
    31(H )      0.0671      0.0687      0.0679      1.0237      0.9769      0.0054
 
 E(N):    -1022.014893 Hartree
 E(N+1):    -1022.159803 Hartree
 E(N-1):    -1021.577360 Hartree
 E_HOMO(N):     -0.364986 Hartree,   -9.9318 eV
 E_HOMO(N+1):   -0.114057 Hartree,   -3.1036 eV
 E_HOMO(N-1):   -0.589733 Hartree,  -16.0474 eV
 First vertical IP:     0.437533 Hartree,   11.9059 eV
 First vertical EA:     0.144910 Hartree,    3.9432 eV
 Mulliken electronegativity:     0.291222 Hartree,    7.9245 eV
 Chemical potential:            -0.291222 Hartree,   -7.9245 eV
 Hardness (=fundamental gap):    0.292622 Hartree,    7.9627 eV
 Softness:      3.417375 Hartree^-1,    0.1256 eV^-1
 Softness^2:   11.678453 Hartree^-2,    0.0158 eV^-2
 Electrophilicity index:    0.144914 Hartree,    3.9433 eV
 Nucleophilicity index:    -0.029788 Hartree,   -0.8106 eV
