 Note: the E(HOMO) of TCE used for evaluating nucleophilicity index is the value evaluated at B3LYP/6-31G* level
 
 Hirshfeld charges, condensed Fukui functions and condensed dual descriptors
 Units used below are "e" (elementary charge)
     Atom     q(N)    q(N+1)   q(N-1)     f-       f+       f0      CDD
     1(Pt)   0.2114  -0.0240   0.4596   0.2481   0.2354   0.2418  -0.0127
     2(N )  -0.0748  -0.0968  -0.0622   0.0126   0.0220   0.0173   0.0094
     3(Cl)  -0.2829  -0.5168   0.0351   0.3180   0.2339   0.2760  -0.0841
     4(C )  -0.0387  -0.0449  -0.0316   0.0070   0.0062   0.0066  -0.0008
     5(C )   0.0082  -0.0024   0.0199   0.0117   0.0106   0.0112  -0.0011
     6(N )  -0.0495  -0.0928  -0.0288   0.0207   0.0433   0.0320   0.0225
     7(H )   0.0639   0.0385   0.0859   0.0220   0.0253   0.0237   0.0034
     8(N )  -0.0715  -0.0974  -0.0603   0.0112   0.0258   0.0185   0.0146
     9(C )   0.0166   0.0054   0.0276   0.0110   0.0112   0.0111   0.0002
    10(H )   0.0478   0.0326   0.0593   0.0115   0.0152   0.0133   0.0037
    11(H )   0.0502   0.0198   0.0773   0.0271   0.0304   0.0287   0.0033
    12(H )   0.0576   0.0298   0.0818   0.0242   0.0277   0.0260   0.0035
    13(H )   0.0546   0.0398   0.0645   0.0100   0.0148   0.0124   0.0049
    14(H )   0.0414   0.0287   0.0564   0.0150   0.0126   0.0138  -0.0024
    15(C )   0.0118  -0.0014   0.0234   0.0115   0.0132   0.0124   0.0017
    16(H )   0.0477   0.0186   0.0708   0.0231   0.0291   0.0261   0.0059
    17(H )   0.0453   0.0302   0.0574   0.0121   0.0152   0.0136   0.0030
    18(C )  -0.0438  -0.0504  -0.0379   0.0059   0.0066   0.0062   0.0007
    19(H )   0.0515   0.0286   0.0718   0.0203   0.0229   0.0216   0.0027
    20(H )   0.0297   0.0213   0.0330   0.0033   0.0084   0.0058   0.0050
    21(C )  -0.0381  -0.0437  -0.0317   0.0064   0.0056   0.0060  -0.0008
    22(H )   0.0507   0.0325   0.0686   0.0179   0.0183   0.0181   0.0004
    23(H )   0.0460   0.0296   0.0606   0.0145   0.0164   0.0155   0.0019
    24(C )   0.0142   0.0036   0.0246   0.0104   0.0106   0.0105   0.0002
    25(H )   0.0421   0.0320   0.0496   0.0075   0.0101   0.0088   0.0026
    26(H )   0.0564   0.0318   0.0775   0.0211   0.0246   0.0229   0.0034
    27(H )   0.1356   0.1158   0.1492   0.0136   0.0199   0.0167   0.0063
    28(H )   0.1285   0.1084   0.1517   0.0233   0.0201   0.0217  -0.0032
    29(H )   0.1309   0.1103   0.1530   0.0222   0.0206   0.0214  -0.0016
    30(H )   0.1375   0.1139   0.1555   0.0181   0.0235   0.0208   0.0055
    31(H )   0.1196   0.0995   0.1382   0.0185   0.0202   0.0194   0.0016
 
 Condensed local electrophilicity/nucleophilicity index (e*eV)
     Atom              Electrophilicity          Nucleophilicity
     1(Pt)                  0.95320                 -0.20987
     2(N )                  0.08895                 -0.01064
     3(Cl)                  0.94699                 -0.26897
     4(C )                  0.02516                 -0.00596
     5(C )                  0.04298                 -0.00993
     6(N )                  0.17524                 -0.01755
     7(H )                  0.10255                 -0.01859
     8(N )                  0.10462                 -0.00950
     9(C )                  0.04548                 -0.00930
    10(H )                  0.06141                 -0.00970
    11(H )                  0.12304                 -0.02292
    12(H )                  0.11225                 -0.02046
    13(H )                  0.06006                 -0.00842
    14(H )                  0.05118                 -0.01272
    15(C )                  0.05362                 -0.00976
    16(H )                  0.11774                 -0.01958
    17(H )                  0.06134                 -0.01025
    18(C )                  0.02674                 -0.00496
    19(H )                  0.09291                 -0.01716
    20(H )                  0.03386                 -0.00281
    21(C )                  0.02272                 -0.00543
    22(H )                  0.07396                 -0.01510
    23(H )                  0.06654                 -0.01231
    24(C )                  0.04303                 -0.00878
    25(H )                  0.04088                 -0.00633
    26(H )                  0.09942                 -0.01788
    27(H )                  0.08039                 -0.01151
    28(H )                  0.08129                 -0.01967
    29(H )                  0.08322                 -0.01877
    30(H )                  0.09524                 -0.01528
    31(H )                  0.08166                 -0.01569
 
 Condensed local softness (e/Hartree), relative electrophilicity/nucleophilicity (dimensionless) and condensed local hyper-softness (e/Hartree^2)
     Atom         s-          s+          s0        s+/s-       s-/s+       s(2)
     1(Pt)      0.8564      0.8126      0.8345      0.9489      1.0539     -0.1511
     2(N )      0.0434      0.0758      0.0596      1.7468      0.5725      0.1119
     3(Cl)      1.0976      0.8073      0.9525      0.7356      1.3595     -1.0018
     4(C )      0.0243      0.0214      0.0229      0.8818      1.1340     -0.0099
     5(C )      0.0405      0.0366      0.0386      0.9045      1.1055     -0.0133
     6(N )      0.0716      0.1494      0.1105      2.0866      0.4793      0.2685
     7(H )      0.0759      0.0874      0.0816      1.1525      0.8677      0.0399
     8(N )      0.0388      0.0892      0.0640      2.3004      0.4347      0.1740
     9(C )      0.0380      0.0388      0.0384      1.0212      0.9792      0.0028
    10(H )      0.0396      0.0524      0.0460      1.3227      0.7560      0.0441
    11(H )      0.0935      0.1049      0.0992      1.1213      0.8918      0.0392
    12(H )      0.0835      0.0957      0.0896      1.1460      0.8726      0.0421
    13(H )      0.0344      0.0512      0.0428      1.4902      0.6711      0.0581
    14(H )      0.0519      0.0436      0.0478      0.8406      1.1897     -0.0286
    15(C )      0.0398      0.0457      0.0428      1.1474      0.8716      0.0203
    16(H )      0.0799      0.1004      0.0901      1.2564      0.7959      0.0707
    17(H )      0.0418      0.0523      0.0471      1.2498      0.8001      0.0361
    18(C )      0.0202      0.0228      0.0215      1.1273      0.8871      0.0089
    19(H )      0.0700      0.0792      0.0746      1.1315      0.8838      0.0318
    20(H )      0.0114      0.0289      0.0202      2.5209      0.3967      0.0601
    21(C )      0.0222      0.0194      0.0208      0.8739      1.1443     -0.0096
    22(H )      0.0616      0.0631      0.0623      1.0230      0.9775      0.0049
    23(H )      0.0502      0.0567      0.0535      1.1297      0.8852      0.0225
    24(C )      0.0358      0.0367      0.0363      1.0239      0.9766      0.0030
    25(H )      0.0258      0.0349      0.0303      1.3489      0.7413      0.0311
    26(H )      0.0730      0.0848      0.0789      1.1615      0.8610      0.0407
    27(H )      0.0470      0.0685      0.0577      1.4596      0.6851      0.0745
    28(H )      0.0803      0.0693      0.0748      0.8635      1.1580     -0.0378
    29(H )      0.0766      0.0709      0.0738      0.9263      1.0795     -0.0195
    30(H )      0.0623      0.0812      0.0718      1.3026      0.7677      0.0651
    31(H )      0.0640      0.0696      0.0668      1.0877      0.9194      0.0194
 
 E(N):    -1022.012129 Hartree
 E(N+1):    -1022.160882 Hartree
 E(N-1):    -1021.573644 Hartree
 E_HOMO(N):     -0.366280 Hartree,   -9.9670 eV
 E_HOMO(N+1):   -0.117570 Hartree,   -3.1992 eV
 E_HOMO(N-1):   -0.592407 Hartree,  -16.1202 eV
 First vertical IP:     0.438485 Hartree,   11.9318 eV
 First vertical EA:     0.148753 Hartree,    4.0478 eV
 Mulliken electronegativity:     0.293619 Hartree,    7.9898 eV
 Chemical potential:            -0.293619 Hartree,   -7.9898 eV
 Hardness (=fundamental gap):    0.289733 Hartree,    7.8840 eV
 Softness:      3.451458 Hartree^-1,    0.1268 eV^-1
 Softness^2:   11.912561 Hartree^-2,    0.0161 eV^-2
 Electrophilicity index:    0.148779 Hartree,    4.0485 eV
 Nucleophilicity index:    -0.031082 Hartree,   -0.8458 eV
