 Note: the E(HOMO) of TCE used for evaluating nucleophilicity index is the value evaluated at B3LYP/6-31G* level
 
 Hirshfeld charges, condensed Fukui functions and condensed dual descriptors
 Units used below are "e" (elementary charge)
     Atom     q(N)    q(N+1)   q(N-1)     f-       f+       f0      CDD
     1(Pt)   0.2747   0.0264   0.5635   0.2888   0.2484   0.2686  -0.0404
     2(N )  -0.0708  -0.1123  -0.0583   0.0125   0.0415   0.0270   0.0290
     3(N )  -0.0708  -0.1123  -0.0193   0.0515   0.0414   0.0465  -0.0100
     4(N )  -0.0687  -0.1104  -0.0183   0.0504   0.0417   0.0461  -0.0086
     5(N )  -0.0687  -0.1104  -0.0548   0.0138   0.0417   0.0278   0.0279
     6(C )   0.0272   0.0101   0.0508   0.0236   0.0171   0.0203  -0.0066
     7(H )   0.0674   0.0394   0.1057   0.0383   0.0280   0.0332  -0.0103
     8(H )   0.0670   0.0481   0.0879   0.0209   0.0189   0.0199  -0.0019
     9(C )  -0.0355  -0.0462  -0.0239   0.0116   0.0107   0.0112  -0.0009
    10(H )   0.0471   0.0327   0.0623   0.0152   0.0144   0.0148  -0.0008
    11(H )   0.0773   0.0494   0.1050   0.0277   0.0279   0.0278   0.0002
    12(C )   0.0267   0.0099   0.0403   0.0136   0.0168   0.0152   0.0032
    13(H )   0.0592   0.0411   0.0745   0.0153   0.0181   0.0167   0.0028
    14(H )   0.0749   0.0440   0.1018   0.0269   0.0308   0.0289   0.0039
    15(C )   0.0267   0.0099   0.0475   0.0208   0.0168   0.0188  -0.0039
    16(H )   0.0749   0.0440   0.1102   0.0353   0.0308   0.0331  -0.0044
    17(H )   0.0592   0.0411   0.0799   0.0207   0.0181   0.0194  -0.0027
    18(C )  -0.0355  -0.0462  -0.0230   0.0125   0.0107   0.0116  -0.0018
    19(H )   0.0471   0.0327   0.0570   0.0099   0.0144   0.0121   0.0045
    20(H )   0.0773   0.0494   0.1032   0.0259   0.0279   0.0269   0.0020
    21(C )   0.0272   0.0101   0.0419   0.0147   0.0171   0.0159   0.0023
    22(H )   0.0670   0.0481   0.0830   0.0160   0.0189   0.0174   0.0030
    23(H )   0.0674   0.0394   0.0919   0.0245   0.0280   0.0262   0.0036
    24(H )   0.1461   0.1191   0.1685   0.0224   0.0270   0.0247   0.0046
    25(H )   0.1506   0.1218   0.1687   0.0181   0.0288   0.0234   0.0108
    26(H )   0.1488   0.1235   0.1809   0.0321   0.0253   0.0287  -0.0067
    27(H )   0.1451   0.1164   0.1748   0.0297   0.0287   0.0292  -0.0010
    28(H )   0.1488   0.1235   0.1713   0.0225   0.0253   0.0239   0.0029
    29(H )   0.1451   0.1164   0.1664   0.0214   0.0287   0.0250   0.0073
    30(H )   0.1506   0.1218   0.1842   0.0336   0.0288   0.0312  -0.0048
    31(H )   0.1461   0.1191   0.1763   0.0302   0.0270   0.0286  -0.0032
 
 Condensed local electrophilicity/nucleophilicity index (e*eV)
     Atom              Electrophilicity          Nucleophilicity
     1(Pt)                  2.10868                 -1.58736
     2(N )                  0.35191                 -0.06854
     3(N )                  0.35186                 -0.28291
     4(N )                  0.35437                 -0.27682
     5(N )                  0.35440                 -0.07610
     6(C )                  0.14482                 -0.12981
     7(H )                  0.23782                 -0.21050
     8(H )                  0.16065                 -0.11468
     9(C )                  0.09082                 -0.06386
    10(H )                  0.12209                 -0.08335
    11(H )                  0.23711                 -0.15214
    12(C )                  0.14285                 -0.07476
    13(H )                  0.15338                 -0.08399
    14(H )                  0.26190                 -0.14806
    15(C )                  0.14284                 -0.11412
    16(H )                  0.26189                 -0.19400
    17(H )                  0.15337                 -0.11397
    18(C )                  0.09082                 -0.06850
    19(H )                  0.12209                 -0.05435
    20(H )                  0.23711                 -0.14247
    21(C )                  0.14484                 -0.08089
    22(H )                  0.16067                 -0.08769
    23(H )                  0.23782                 -0.13444
    24(H )                  0.22915                 -0.12289
    25(H )                  0.24466                 -0.09930
    26(H )                  0.21519                 -0.17631
    27(H )                  0.24366                 -0.16324
    28(H )                  0.21518                 -0.12346
    29(H )                  0.24368                 -0.11737
    30(H )                  0.24464                 -0.18485
    31(H )                  0.22913                 -0.16600
 
 Condensed local softness (e/Hartree), relative electrophilicity/nucleophilicity (dimensionless) and condensed local hyper-softness (e/Hartree^2)
     Atom         s-          s+          s0        s+/s-       s-/s+       s(2)
     1(Pt)      0.8660      0.7448      0.8054      0.8600      1.1627     -0.3635
     2(N )      0.0374      0.1243      0.0808      3.3242      0.3008      0.2606
     3(N )      0.1544      0.1243      0.1393      0.8052      1.2419     -0.0902
     4(N )      0.1510      0.1252      0.1381      0.8288      1.2066     -0.0776
     5(N )      0.0415      0.1252      0.0833      3.0152      0.3317      0.2509
     6(C )      0.0708      0.0512      0.0610      0.7223      1.3845     -0.0590
     7(H )      0.1148      0.0840      0.0994      0.7315      1.3671     -0.0925
     8(H )      0.0626      0.0567      0.0597      0.9069      1.1026     -0.0175
     9(C )      0.0348      0.0321      0.0335      0.9208      1.0860     -0.0083
    10(H )      0.0455      0.0431      0.0443      0.9483      1.0545     -0.0071
    11(H )      0.0830      0.0838      0.0834      1.0090      0.9911      0.0022
    12(C )      0.0408      0.0505      0.0456      1.2370      0.8084      0.0290
    13(H )      0.0458      0.0542      0.0500      1.1823      0.8458      0.0250
    14(H )      0.0808      0.0925      0.0866      1.1452      0.8732      0.0352
    15(C )      0.0623      0.0505      0.0564      0.8104      1.2340     -0.0354
    16(H )      0.1058      0.0925      0.0992      0.8740      1.1442     -0.0400
    17(H )      0.0622      0.0542      0.0582      0.8712      1.1478     -0.0240
    18(C )      0.0374      0.0321      0.0347      0.8584      1.1649     -0.0159
    19(H )      0.0297      0.0431      0.0364      1.4544      0.6876      0.0404
    20(H )      0.0777      0.0838      0.0807      1.0775      0.9281      0.0181
    21(C )      0.0441      0.0512      0.0476      1.1593      0.8626      0.0211
    22(H )      0.0478      0.0568      0.0523      1.1862      0.8430      0.0267
    23(H )      0.0734      0.0840      0.0787      1.1453      0.8732      0.0320
    24(H )      0.0670      0.0809      0.0740      1.2072      0.8284      0.0417
    25(H )      0.0542      0.0864      0.0703      1.5952      0.6269      0.0967
    26(H )      0.0962      0.0760      0.0861      0.7902      1.2655     -0.0605
    27(H )      0.0891      0.0861      0.0876      0.9664      1.0348     -0.0090
    28(H )      0.0674      0.0760      0.0717      1.1284      0.8862      0.0259
    29(H )      0.0640      0.0861      0.0751      1.3441      0.7440      0.0661
    30(H )      0.1009      0.0864      0.0936      0.8568      1.1671     -0.0433
    31(H )      0.0906      0.0809      0.0858      0.8936      1.1190     -0.0289
 
 E(N):     -578.678403 Hartree
 E(N+1):     -578.967831 Hartree
 E(N-1):     -578.055511 Hartree
 E_HOMO(N):     -0.537192 Hartree,  -14.6177 eV
 E_HOMO(N+1):   -0.253192 Hartree,   -6.8897 eV
 E_HOMO(N-1):   -0.746182 Hartree,  -20.3047 eV
 First vertical IP:     0.622893 Hartree,   16.9498 eV
 First vertical EA:     0.289427 Hartree,    7.8757 eV
 Mulliken electronegativity:     0.456160 Hartree,   12.4127 eV
 Chemical potential:            -0.456160 Hartree,  -12.4127 eV
 Hardness (=fundamental gap):    0.333466 Hartree,    9.0741 eV
 Softness:      2.998811 Hartree^-1,    0.1102 eV^-1
 Softness^2:    8.992867 Hartree^-2,    0.0121 eV^-2
 Electrophilicity index:    0.311999 Hartree,    8.4899 eV
 Nucleophilicity index:    -0.201994 Hartree,   -5.4965 eV
