 Note: the E(HOMO) of TCE used for evaluating nucleophilicity index is the value evaluated at B3LYP/6-31G* level
 
 Hirshfeld charges, condensed Fukui functions and condensed dual descriptors
 Units used below are "e" (elementary charge)
     Atom     q(N)    q(N+1)   q(N-1)     f-       f+       f0      CDD
     1(Pt)   0.5987   0.4504   0.6879   0.0893   0.1482   0.1188   0.0590
     2(N )  -0.0550  -0.0977  -0.0440   0.0110   0.0427   0.0268   0.0317
     3(N )  -0.0550  -0.0977  -0.0440   0.0110   0.0427   0.0268   0.0317
     4(N )  -0.0550  -0.0977  -0.0440   0.0110   0.0427   0.0268   0.0317
     5(N )  -0.0550  -0.0977  -0.0440   0.0110   0.0427   0.0268   0.0317
     6(C )   0.0282   0.0123   0.0388   0.0106   0.0159   0.0133   0.0053
     7(H )   0.0784   0.0480   0.1018   0.0234   0.0304   0.0269   0.0070
     8(H )   0.0601   0.0439   0.0683   0.0082   0.0162   0.0122   0.0080
     9(C )  -0.0305  -0.0388  -0.0243   0.0063   0.0083   0.0073   0.0020
    10(H )   0.0824   0.0564   0.1028   0.0203   0.0260   0.0232   0.0057
    11(H )   0.0585   0.0440   0.0694   0.0109   0.0146   0.0127   0.0037
    12(C )   0.0282   0.0123   0.0388   0.0106   0.0159   0.0133   0.0053
    13(H )   0.0784   0.0480   0.1018   0.0234   0.0304   0.0269   0.0070
    14(H )   0.0601   0.0439   0.0683   0.0082   0.0162   0.0122   0.0080
    15(C )   0.0282   0.0123   0.0388   0.0106   0.0159   0.0133   0.0053
    16(H )   0.0601   0.0439   0.0683   0.0082   0.0162   0.0122   0.0080
    17(H )   0.0784   0.0480   0.1018   0.0234   0.0304   0.0269   0.0070
    18(C )  -0.0305  -0.0388  -0.0243   0.0063   0.0083   0.0073   0.0020
    19(H )   0.0824   0.0564   0.1028   0.0203   0.0260   0.0232   0.0057
    20(H )   0.0585   0.0440   0.0694   0.0109   0.0146   0.0127   0.0037
    21(C )   0.0282   0.0123   0.0388   0.0106   0.0159   0.0133   0.0053
    22(H )   0.0601   0.0439   0.0683   0.0082   0.0162   0.0122   0.0080
    23(H )   0.0784   0.0480   0.1018   0.0234   0.0304   0.0269   0.0070
    24(O )  -0.3546  -0.3948  -0.1806   0.1740   0.0403   0.1071  -0.1337
    25(O )  -0.3546  -0.3948  -0.1806   0.1740   0.0403   0.1071  -0.1337
    26(H )   0.1517   0.1272   0.1673   0.0156   0.0245   0.0200   0.0089
    27(H )   0.1417   0.1166   0.1635   0.0218   0.0251   0.0234   0.0033
    28(H )   0.1517   0.1272   0.1673   0.0156   0.0245   0.0200   0.0089
    29(H )   0.1417   0.1166   0.1635   0.0218   0.0251   0.0234   0.0033
    30(H )   0.1517   0.1272   0.1673   0.0156   0.0245   0.0200   0.0089
    31(H )   0.1417   0.1166   0.1635   0.0218   0.0251   0.0234   0.0033
    32(H )   0.1417   0.1166   0.1635   0.0218   0.0251   0.0234   0.0033
    33(H )   0.1517   0.1272   0.1673   0.0156   0.0245   0.0200   0.0089
    34(H )   0.1346   0.1074   0.1971   0.0626   0.0272   0.0449  -0.0354
    35(H )   0.1346   0.1074   0.1971   0.0626   0.0272   0.0449  -0.0354
 
 Condensed local electrophilicity/nucleophilicity index (e*eV)
     Atom              Electrophilicity          Nucleophilicity
     1(Pt)                  1.60333                 -0.45477
     2(N )                  0.46166                 -0.05602
     3(N )                  0.46174                 -0.05602
     4(N )                  0.46172                 -0.05602
     5(N )                  0.46166                 -0.05601
     6(C )                  0.17205                 -0.05423
     7(H )                  0.32835                 -0.11925
     8(H )                  0.17552                 -0.04197
     9(C )                  0.08936                 -0.03185
    10(H )                  0.28149                 -0.10363
    11(H )                  0.15740                 -0.05544
    12(C )                  0.17204                 -0.05423
    13(H )                  0.32834                 -0.11925
    14(H )                  0.17551                 -0.04197
    15(C )                  0.17205                 -0.05423
    16(H )                  0.17552                 -0.04197
    17(H )                  0.32835                 -0.11925
    18(C )                  0.08936                 -0.03185
    19(H )                  0.28149                 -0.10363
    20(H )                  0.15740                 -0.05544
    21(C )                  0.17204                 -0.05423
    22(H )                  0.17551                 -0.04197
    23(H )                  0.32834                 -0.11925
    24(O )                  0.43549                 -0.88636
    25(O )                  0.43547                 -0.88637
    26(H )                  0.26487                 -0.07946
    27(H )                  0.27107                 -0.11091
    28(H )                  0.26489                 -0.07946
    29(H )                  0.27106                 -0.11091
    30(H )                  0.26486                 -0.07946
    31(H )                  0.27104                 -0.11091
    32(H )                  0.27107                 -0.11091
    33(H )                  0.26490                 -0.07946
    34(H )                  0.29424                 -0.31880
    35(H )                  0.29424                 -0.31880
 
 Condensed local softness (e/Hartree), relative electrophilicity/nucleophilicity (dimensionless) and condensed local hyper-softness (e/Hartree^2)
     Atom         s-          s+          s0        s+/s-       s-/s+       s(2)
     1(Pt)      0.3398      0.5643      0.4520      1.6607      0.6021      0.8546
     2(N )      0.0419      0.1625      0.1022      3.8819      0.2576      0.4592
     3(N )      0.0419      0.1625      0.1022      3.8830      0.2575      0.4593
     4(N )      0.0419      0.1625      0.1022      3.8828      0.2575      0.4593
     5(N )      0.0418      0.1625      0.1022      3.8825      0.2576      0.4592
     6(C )      0.0405      0.0606      0.0505      1.4944      0.6692      0.0763
     7(H )      0.0891      0.1156      0.1023      1.2971      0.7710      0.1008
     8(H )      0.0314      0.0618      0.0466      1.9699      0.5076      0.1158
     9(C )      0.0238      0.0315      0.0276      1.3216      0.7567      0.0291
    10(H )      0.0774      0.0991      0.0883      1.2795      0.7815      0.0824
    11(H )      0.0414      0.0554      0.0484      1.3373      0.7478      0.0532
    12(C )      0.0405      0.0606      0.0505      1.4943      0.6692      0.0762
    13(H )      0.0891      0.1156      0.1023      1.2971      0.7710      0.1007
    14(H )      0.0314      0.0618      0.0466      1.9698      0.5077      0.1158
    15(C )      0.0405      0.0606      0.0505      1.4944      0.6692      0.0763
    16(H )      0.0314      0.0618      0.0466      1.9699      0.5076      0.1158
    17(H )      0.0891      0.1156      0.1023      1.2971      0.7710      0.1008
    18(C )      0.0238      0.0315      0.0276      1.3216      0.7567      0.0291
    19(H )      0.0774      0.0991      0.0883      1.2795      0.7816      0.0824
    20(H )      0.0414      0.0554      0.0484      1.3373      0.7478      0.0532
    21(C )      0.0405      0.0606      0.0505      1.4943      0.6692      0.0762
    22(H )      0.0314      0.0618      0.0466      1.9698      0.5077      0.1158
    23(H )      0.0891      0.1156      0.1023      1.2970      0.7710      0.1007
    24(O )      0.6623      0.1533      0.4078      0.2314      4.3207     -1.9375
    25(O )      0.6623      0.1533      0.4078      0.2314      4.3210     -1.9376
    26(H )      0.0594      0.0932      0.0763      1.5702      0.6369      0.1289
    27(H )      0.0829      0.0954      0.0891      1.1513      0.8686      0.0477
    28(H )      0.0594      0.0932      0.0763      1.5703      0.6368      0.1289
    29(H )      0.0829      0.0954      0.0891      1.1513      0.8686      0.0477
    30(H )      0.0594      0.0932      0.0763      1.5701      0.6369      0.1288
    31(H )      0.0829      0.0954      0.0891      1.1512      0.8687      0.0477
    32(H )      0.0829      0.0954      0.0891      1.1513      0.8686      0.0477
    33(H )      0.0594      0.0932      0.0763      1.5703      0.6368      0.1289
    34(H )      0.2382      0.1036      0.1709      0.4348      2.3001     -0.5125
    35(H )      0.2382      0.1036      0.1709      0.4348      2.3001     -0.5125
 
 E(N):     -730.310333 Hartree
 E(N+1):     -730.635958 Hartree
 E(N-1):     -729.722004 Hartree
 E_HOMO(N):     -0.522422 Hartree,  -14.2158 eV
 E_HOMO(N+1):   -0.286270 Hartree,   -7.7898 eV
 E_HOMO(N-1):   -0.728379 Hartree,  -19.8202 eV
 First vertical IP:     0.588330 Hartree,   16.0093 eV
 First vertical EA:     0.325625 Hartree,    8.8607 eV
 Mulliken electronegativity:     0.456977 Hartree,   12.4350 eV
 Chemical potential:            -0.456977 Hartree,  -12.4350 eV
 Hardness (=fundamental gap):    0.262705 Hartree,    7.1486 eV
 Softness:      3.806555 Hartree^-1,    0.1399 eV^-1
 Softness^2:   14.489859 Hartree^-2,    0.0196 eV^-2
 Electrophilicity index:    0.397458 Hartree,   10.8154 eV
 Nucleophilicity index:    -0.187224 Hartree,   -5.0946 eV
