 Note: the E(HOMO) of TCE used for evaluating nucleophilicity index is the value evaluated at B3LYP/6-31G* level
 
 Hirshfeld charges, condensed Fukui functions and condensed dual descriptors
 Units used below are "e" (elementary charge)
     Atom     q(N)    q(N+1)   q(N-1)     f-       f+       f0      CDD
     1(Pt)   0.2181  -0.0139   0.4599   0.2418   0.2321   0.2369  -0.0097
     2(N )  -0.0751  -0.0994  -0.0637   0.0113   0.0243   0.0178   0.0130
     3(Cl)  -0.2956  -0.5201   0.0334   0.3290   0.2244   0.2767  -0.1046
     4(C )  -0.0395  -0.0475  -0.0325   0.0070   0.0080   0.0075   0.0009
     5(C )   0.0117   0.0003   0.0235   0.0118   0.0115   0.0116  -0.0003
     6(N )  -0.0494  -0.0950  -0.0296   0.0198   0.0457   0.0327   0.0259
     7(H )   0.0412   0.0304   0.0526   0.0114   0.0108   0.0111  -0.0006
     8(N )  -0.0710  -0.0957  -0.0601   0.0108   0.0248   0.0178   0.0139
     9(C )   0.0170   0.0054   0.0279   0.0110   0.0115   0.0112   0.0005
    10(H )   0.0512   0.0217   0.0753   0.0241   0.0294   0.0268   0.0053
    11(H )   0.0501   0.0346   0.0636   0.0135   0.0155   0.0145   0.0020
    12(H )   0.0537   0.0374   0.0648   0.0111   0.0163   0.0137   0.0052
    13(H )   0.0572   0.0291   0.0800   0.0229   0.0281   0.0255   0.0052
    14(H )   0.0626   0.0355   0.0848   0.0222   0.0271   0.0246   0.0049
    15(C )   0.0063  -0.0034   0.0169   0.0105   0.0097   0.0101  -0.0008
    16(H )   0.0445   0.0177   0.0705   0.0260   0.0268   0.0264   0.0008
    17(H )   0.0459   0.0327   0.0583   0.0123   0.0132   0.0128   0.0009
    18(C )  -0.0444  -0.0526  -0.0373   0.0071   0.0081   0.0076   0.0010
    19(H )   0.0323   0.0185   0.0339   0.0015   0.0138   0.0077   0.0123
    20(H )   0.0529   0.0288   0.0773   0.0243   0.0241   0.0242  -0.0002
    21(C )  -0.0400  -0.0456  -0.0347   0.0053   0.0056   0.0055   0.0003
    22(H )   0.0567   0.0323   0.0775   0.0208   0.0244   0.0226   0.0036
    23(H )   0.0323   0.0233   0.0450   0.0127   0.0090   0.0109  -0.0037
    24(C )   0.0163   0.0064   0.0265   0.0102   0.0099   0.0101  -0.0004
    25(H )   0.0546   0.0417   0.0640   0.0095   0.0128   0.0112   0.0034
    26(H )   0.0534   0.0287   0.0770   0.0236   0.0247   0.0241   0.0012
    27(H )   0.1332   0.1119   0.1510   0.0178   0.0213   0.0195   0.0035
    28(H )   0.1317   0.1080   0.1507   0.0191   0.0237   0.0214   0.0046
    29(H )   0.1382   0.1157   0.1554   0.0172   0.0225   0.0199   0.0053
    30(H )   0.1343   0.1158   0.1514   0.0172   0.0184   0.0178   0.0013
    31(H )   0.1193   0.0974   0.1366   0.0173   0.0219   0.0196   0.0045
 
 Condensed local electrophilicity/nucleophilicity index (e*eV)
     Atom              Electrophilicity          Nucleophilicity
     1(Pt)                  0.90192                 -0.18407
     2(N )                  0.09461                 -0.00862
     3(Cl)                  0.87230                 -0.25048
     4(C )                  0.03095                 -0.00535
     5(C )                  0.04465                 -0.00898
     6(N )                  0.17748                 -0.01506
     7(H )                  0.04205                 -0.00866
     8(N )                  0.09629                 -0.00825
     9(C )                  0.04471                 -0.00834
    10(H )                  0.11445                 -0.01835
    11(H )                  0.06027                 -0.01030
    12(H )                  0.06347                 -0.00844
    13(H )                  0.10918                 -0.01740
    14(H )                  0.10522                 -0.01688
    15(C )                  0.03784                 -0.00801
    16(H )                  0.10413                 -0.01977
    17(H )                  0.05139                 -0.00939
    18(C )                  0.03162                 -0.00541
    19(H )                  0.05380                 -0.00116
    20(H )                  0.09372                 -0.01854
    21(C )                  0.02188                 -0.00405
    22(H )                  0.09502                 -0.01584
    23(H )                  0.03513                 -0.00967
    24(C )                  0.03837                 -0.00780
    25(H )                  0.04993                 -0.00722
    26(H )                  0.09612                 -0.01793
    27(H )                  0.08277                 -0.01355
    28(H )                  0.09192                 -0.01452
    29(H )                  0.08746                 -0.01312
    30(H )                  0.07160                 -0.01307
    31(H )                  0.08505                 -0.01321
 
 Condensed local softness (e/Hartree), relative electrophilicity/nucleophilicity (dimensionless) and condensed local hyper-softness (e/Hartree^2)
     Atom         s-          s+          s0        s+/s-       s-/s+       s(2)
     1(Pt)      0.8267      0.7934      0.8101      0.9597      1.0419     -0.1138
     2(N )      0.0387      0.0832      0.0610      2.1504      0.4650      0.1522
     3(Cl)      1.1250      0.7674      0.9462      0.6821      1.4660     -1.2226
     4(C )      0.0240      0.0272      0.0256      1.1327      0.8828      0.0109
     5(C )      0.0404      0.0393      0.0398      0.9735      1.0272     -0.0037
     6(N )      0.0676      0.1561      0.1119      2.3081      0.4333      0.3025
     7(H )      0.0389      0.0370      0.0379      0.9509      1.0516     -0.0065
     8(N )      0.0371      0.0847      0.0609      2.2862      0.4374      0.1629
     9(C )      0.0375      0.0393      0.0384      1.0502      0.9522      0.0064
    10(H )      0.0824      0.1007      0.0915      1.2217      0.8185      0.0625
    11(H )      0.0463      0.0530      0.0496      1.1462      0.8724      0.0231
    12(H )      0.0379      0.0558      0.0469      1.4730      0.6789      0.0613
    13(H )      0.0781      0.0960      0.0871      1.2293      0.8135      0.0613
    14(H )      0.0758      0.0926      0.0842      1.2206      0.8193      0.0572
    15(C )      0.0360      0.0333      0.0346      0.9252      1.0808     -0.0092
    16(H )      0.0888      0.0916      0.0902      1.0315      0.9694      0.0096
    17(H )      0.0422      0.0452      0.0437      1.0723      0.9326      0.0104
    18(C )      0.0243      0.0278      0.0261      1.1438      0.8743      0.0120
    19(H )      0.0052      0.0473      0.0263      9.0578      0.1104      0.1439
    20(H )      0.0833      0.0824      0.0828      0.9904      1.0097     -0.0027
    21(C )      0.0182      0.0192      0.0187      1.0588      0.9444      0.0037
    22(H )      0.0711      0.0836      0.0774      1.1750      0.8511      0.0426
    23(H )      0.0434      0.0309      0.0372      0.7117      1.4051     -0.0428
    24(C )      0.0350      0.0338      0.0344      0.9637      1.0377     -0.0043
    25(H )      0.0324      0.0439      0.0382      1.3555      0.7377      0.0394
    26(H )      0.0805      0.0846      0.0825      1.0499      0.9524      0.0138
    27(H )      0.0609      0.0728      0.0668      1.1963      0.8359      0.0409
    28(H )      0.0652      0.0809      0.0730      1.2403      0.8063      0.0536
    29(H )      0.0589      0.0769      0.0679      1.3055      0.7660      0.0616
    30(H )      0.0587      0.0630      0.0608      1.0731      0.9319      0.0147
    31(H )      0.0593      0.0748      0.0671      1.2613      0.7929      0.0530
 
 E(N):    -1022.015896 Hartree
 E(N+1):    -1022.158705 Hartree
 E(N-1):    -1021.580606 Hartree
 E_HOMO(N):     -0.363174 Hartree,   -9.8825 eV
 E_HOMO(N+1):   -0.114453 Hartree,   -3.1144 eV
 E_HOMO(N-1):   -0.588600 Hartree,  -16.0166 eV
 First vertical IP:     0.435290 Hartree,   11.8448 eV
 First vertical EA:     0.142809 Hartree,    3.8860 eV
 Mulliken electronegativity:     0.289049 Hartree,    7.8654 eV
 Chemical potential:            -0.289049 Hartree,   -7.8654 eV
 Hardness (=fundamental gap):    0.292481 Hartree,    7.9588 eV
 Softness:      3.419027 Hartree^-1,    0.1256 eV^-1
 Softness^2:   11.689745 Hartree^-2,    0.0158 eV^-2
 Electrophilicity index:    0.142829 Hartree,    3.8866 eV
 Nucleophilicity index:    -0.027976 Hartree,   -0.7613 eV
