 Note: the E(HOMO) of TCE used for evaluating nucleophilicity index is the value evaluated at B3LYP/6-31G* level
 
 Hirshfeld charges, condensed Fukui functions and condensed dual descriptors
 Units used below are "e" (elementary charge)
     Atom     q(N)    q(N+1)   q(N-1)     f-       f+       f0      CDD
     1(Pt)   0.2275   0.1649   0.2959   0.0684   0.0626   0.0655  -0.0058
     2(N )  -0.0799  -0.0899  -0.0652   0.0148   0.0100   0.0124  -0.0048
     3(N )  -0.0807  -0.0910  -0.0651   0.0156   0.0102   0.0129  -0.0054
     4(C )   0.0080  -0.0227   0.0166   0.0085   0.0307   0.0196   0.0222
     5(H )   0.0431  -0.0125   0.0610   0.0179   0.0555   0.0367   0.0376
     6(H )   0.0403  -0.0248   0.0473   0.0070   0.0651   0.0360   0.0581
     7(C )  -0.0420  -0.0671  -0.0366   0.0054   0.0251   0.0153   0.0197
     8(H )   0.0422  -0.0058   0.0558   0.0136   0.0480   0.0308   0.0344
     9(H )   0.0418  -0.0066   0.0554   0.0136   0.0485   0.0310   0.0349
    10(C )   0.0086  -0.0213   0.0176   0.0090   0.0299   0.0194   0.0209
    11(H )   0.0419  -0.0209   0.0504   0.0085   0.0628   0.0357   0.0543
    12(H )   0.0434  -0.0123   0.0613   0.0179   0.0557   0.0368   0.0378
    13(H )   0.1374   0.0748   0.1503   0.0129   0.0627   0.0378   0.0498
    14(H )   0.1301   0.0419   0.1433   0.0132   0.0882   0.0507   0.0749
    15(H )   0.1368   0.0759   0.1490   0.0122   0.0609   0.0366   0.0486
    16(H )   0.1318   0.0481   0.1464   0.0146   0.0837   0.0491   0.0691
    17(O )  -0.2825  -0.2856  -0.2293   0.0532   0.0031   0.0282  -0.0500
    18(C )   0.1747   0.1662   0.2184   0.0437   0.0085   0.0261  -0.0352
    19(O )  -0.2847  -0.2880  -0.2269   0.0578   0.0033   0.0306  -0.0545
    20(C )   0.1708   0.1622   0.2193   0.0485   0.0086   0.0286  -0.0400
    21(C )  -0.0077  -0.0094   0.0253   0.0330   0.0017   0.0173  -0.0313
    22(O )  -0.2901  -0.3205  -0.1211   0.1690   0.0304   0.0997  -0.1386
    23(O )  -0.2872  -0.3171  -0.1194   0.1678   0.0299   0.0989  -0.1380
    24(C )  -0.0554  -0.0626  -0.0413   0.0141   0.0072   0.0107  -0.0069
    25(H )   0.0273   0.0189   0.0466   0.0192   0.0085   0.0138  -0.0107
    26(H )   0.0272   0.0181   0.0466   0.0193   0.0091   0.0142  -0.0102
    27(C )  -0.0549  -0.0601  -0.0393   0.0157   0.0051   0.0104  -0.0106
    28(H )   0.0115  -0.0037   0.0326   0.0211   0.0153   0.0182  -0.0058
    29(H )   0.0241   0.0105   0.0506   0.0264   0.0137   0.0200  -0.0128
    30(C )  -0.0529  -0.0596  -0.0359   0.0171   0.0067   0.0119  -0.0104
    31(H )   0.0278   0.0199   0.0429   0.0151   0.0079   0.0115  -0.0072
    32(H )   0.0217   0.0104   0.0472   0.0256   0.0113   0.0184  -0.0143
 
 Condensed local electrophilicity/nucleophilicity index (e*eV)
     Atom              Electrophilicity          Nucleophilicity
     1(Pt)                  0.06585                  0.22233
     2(N )                  0.01049                  0.04799
     3(N )                  0.01075                  0.05065
     4(C )                  0.03227                  0.02774
     5(H )                  0.05839                  0.05833
     6(H )                  0.06847                  0.02270
     7(C )                  0.02640                  0.01766
     8(H )                  0.05042                  0.04414
     9(H )                  0.05095                  0.04411
    10(C )                  0.03141                  0.02931
    11(H )                  0.06603                  0.02770
    12(H )                  0.05853                  0.05816
    13(H )                  0.06588                  0.04179
    14(H )                  0.09271                  0.04304
    15(H )                  0.06402                  0.03980
    16(H )                  0.08798                  0.04751
    17(O )                  0.00330                  0.17284
    18(C )                  0.00892                  0.14215
    19(O )                  0.00349                  0.18791
    20(C )                  0.00901                  0.15781
    21(C )                  0.00178                  0.10719
    22(O )                  0.03198                  0.54953
    23(O )                  0.03141                  0.54558
    24(C )                  0.00759                  0.04583
    25(H )                  0.00891                  0.06245
    26(H )                  0.00958                  0.06282
    27(C )                  0.00538                  0.05102
    28(H )                  0.01606                  0.06847
    29(H )                  0.01437                  0.08591
    30(C )                  0.00700                  0.05544
    31(H )                  0.00830                  0.04920
    32(H )                  0.01183                  0.08308
 
 Condensed local softness (e/Hartree), relative electrophilicity/nucleophilicity (dimensionless) and condensed local hyper-softness (e/Hartree^2)
     Atom         s-          s+          s0        s+/s-       s-/s+       s(2)
     1(Pt)      0.2602      0.2383      0.2492      0.9158      1.0920     -0.0833
     2(N )      0.0562      0.0380      0.0471      0.6760      1.4792     -0.0692
     3(N )      0.0593      0.0389      0.0491      0.6561      1.5241     -0.0775
     4(C )      0.0325      0.1168      0.0746      3.5967      0.2780      0.3207
     5(H )      0.0683      0.2112      0.1397      3.0948      0.3231      0.5439
     6(H )      0.0266      0.2477      0.1371      9.3273      0.1072      0.8412
     7(C )      0.0207      0.0955      0.0581      4.6220      0.2164      0.2847
     8(H )      0.0516      0.1824      0.1170      3.5321      0.2831      0.4975
     9(H )      0.0516      0.1843      0.1180      3.5707      0.2801      0.5048
    10(C )      0.0343      0.1136      0.0740      3.3132      0.3018      0.3018
    11(H )      0.0324      0.2389      0.1357      7.3686      0.1357      0.7854
    12(H )      0.0681      0.2118      0.1399      3.1116      0.3214      0.5467
    13(H )      0.0489      0.2383      0.1436      4.8740      0.2052      0.7206
    14(H )      0.0504      0.3354      0.1929      6.6596      0.1502      1.0843
    15(H )      0.0466      0.2316      0.1391      4.9738      0.2011      0.7040
    16(H )      0.0556      0.3183      0.1869      5.7250      0.1747      0.9993
    17(O )      0.2023      0.0120      0.1071      0.0591     16.9187     -0.7239
    18(C )      0.1663      0.0323      0.0993      0.1940      5.1556     -0.5100
    19(O )      0.2199      0.0126      0.1163      0.0574     17.4193     -0.7884
    20(C )      0.1847      0.0326      0.1086      0.1765      5.6649     -0.5785
    21(C )      0.1254      0.0064      0.0659      0.0514     19.4484     -0.4526
    22(O )      0.6430      0.1157      0.3794      0.1800      5.5569     -2.0059
    23(O )      0.6384      0.1136      0.3760      0.1780      5.6177     -1.9962
    24(C )      0.0536      0.0275      0.0405      0.5119      1.9536     -0.0996
    25(H )      0.0731      0.0322      0.0527      0.4413      2.2663     -0.1553
    26(H )      0.0735      0.0347      0.0541      0.4716      2.1205     -0.1478
    27(C )      0.0597      0.0195      0.0396      0.3261      3.0666     -0.1530
    28(H )      0.0801      0.0581      0.0691      0.7250      1.3793     -0.0838
    29(H )      0.1005      0.0520      0.0763      0.5171      1.9340     -0.1847
    30(C )      0.0649      0.0253      0.0451      0.3905      2.5607     -0.1504
    31(H )      0.0576      0.0300      0.0438      0.5217      1.9169     -0.1048
    32(H )      0.0972      0.0428      0.0700      0.4402      2.2716     -0.2070
 
 E(N):     -882.523693 Hartree
 E(N+1):     -882.534782 Hartree
 E(N-1):     -882.249721 Hartree
 E_HOMO(N):     -0.215733 Hartree,   -5.8704 eV
 E_HOMO(N+1):    0.026538 Hartree,    0.7221 eV
 E_HOMO(N-1):   -0.391735 Hartree,  -10.6596 eV
 First vertical IP:     0.273971 Hartree,    7.4551 eV
 First vertical EA:     0.011090 Hartree,    0.3018 eV
 Mulliken electronegativity:     0.142531 Hartree,    3.8785 eV
 Chemical potential:            -0.142531 Hartree,   -3.8785 eV
 Hardness (=fundamental gap):    0.262882 Hartree,    7.1534 eV
 Softness:      3.803994 Hartree^-1,    0.1398 eV^-1
 Softness^2:   14.470367 Hartree^-2,    0.0195 eV^-2
 Electrophilicity index:    0.038639 Hartree,    1.0514 eV
 Nucleophilicity index:     0.119465 Hartree,    3.2508 eV
