 Note: the E(HOMO) of TCE used for evaluating nucleophilicity index is the value evaluated at B3LYP/6-31G* level
 
 Hirshfeld charges, condensed Fukui functions and condensed dual descriptors
 Units used below are "e" (elementary charge)
     Atom     q(N)    q(N+1)   q(N-1)     f-       f+       f0      CDD
     1(Pt)   0.2125  -0.0250   0.4542   0.2417   0.2375   0.2396  -0.0042
     2(N )  -0.0749  -0.0946  -0.0640   0.0110   0.0197   0.0153   0.0087
     3(Cl)  -0.2955  -0.5292   0.0229   0.3184   0.2337   0.2761  -0.0847
     4(C )  -0.0399  -0.0471  -0.0331   0.0069   0.0072   0.0070   0.0004
     5(C )   0.0108  -0.0003   0.0230   0.0122   0.0111   0.0117  -0.0011
     6(N )  -0.0489  -0.0972  -0.0278   0.0212   0.0483   0.0347   0.0271
     7(H )   0.0423   0.0318   0.0526   0.0103   0.0106   0.0104   0.0002
     8(N )  -0.0716  -0.0945  -0.0604   0.0112   0.0229   0.0171   0.0116
     9(C )   0.0173   0.0052   0.0286   0.0113   0.0121   0.0117   0.0008
    10(H )   0.0498   0.0190   0.0745   0.0246   0.0309   0.0277   0.0063
    11(H )   0.0496   0.0340   0.0642   0.0146   0.0156   0.0151   0.0010
    12(H )   0.0539   0.0374   0.0658   0.0119   0.0165   0.0142   0.0046
    13(H )   0.0570   0.0293   0.0799   0.0229   0.0277   0.0253   0.0049
    14(H )   0.0621   0.0360   0.0843   0.0222   0.0261   0.0242   0.0039
    15(C )   0.0044  -0.0068   0.0178   0.0134   0.0112   0.0123  -0.0022
    16(H )   0.0466   0.0188   0.0732   0.0266   0.0278   0.0272   0.0013
    17(H )   0.0387   0.0243   0.0486   0.0099   0.0145   0.0122   0.0046
    18(C )  -0.0376  -0.0424  -0.0311   0.0065   0.0048   0.0056  -0.0017
    19(H )   0.0563   0.0354   0.0764   0.0200   0.0210   0.0205   0.0009
    20(H )   0.0379   0.0238   0.0544   0.0165   0.0142   0.0153  -0.0023
    21(C )  -0.0411  -0.0468  -0.0355   0.0056   0.0057   0.0056   0.0001
    22(H )   0.0397   0.0306   0.0448   0.0051   0.0091   0.0071   0.0040
    23(H )   0.0533   0.0303   0.0752   0.0219   0.0230   0.0225   0.0011
    24(C )   0.0163   0.0052   0.0267   0.0104   0.0111   0.0107   0.0007
    25(H )   0.0562   0.0292   0.0786   0.0224   0.0270   0.0247   0.0046
    26(H )   0.0426   0.0299   0.0559   0.0134   0.0127   0.0130  -0.0006
    27(H )   0.1411   0.1192   0.1574   0.0164   0.0219   0.0191   0.0055
    28(H )   0.1305   0.1137   0.1510   0.0205   0.0168   0.0186  -0.0037
    29(H )   0.1377   0.1157   0.1548   0.0172   0.0219   0.0196   0.0048
    30(H )   0.1334   0.1161   0.1506   0.0172   0.0174   0.0173   0.0002
    31(H )   0.1193   0.0994   0.1360   0.0168   0.0198   0.0183   0.0031
 
 Condensed local electrophilicity/nucleophilicity index (e*eV)
     Atom              Electrophilicity          Nucleophilicity
     1(Pt)                  0.93100                 -0.18828
     2(N )                  0.07709                 -0.00857
     3(Cl)                  0.91628                 -0.24804
     4(C )                  0.02827                 -0.00534
     5(C )                  0.04351                 -0.00951
     6(N )                  0.18923                 -0.01649
     7(H )                  0.04138                 -0.00804
     8(N )                  0.08961                 -0.00876
     9(C )                  0.04727                 -0.00879
    10(H )                  0.12101                 -0.01916
    11(H )                  0.06132                 -0.01139
    12(H )                  0.06468                 -0.00927
    13(H )                  0.10878                 -0.01782
    14(H )                  0.10237                 -0.01733
    15(C )                  0.04397                 -0.01042
    16(H )                  0.10915                 -0.02070
    17(H )                  0.05669                 -0.00769
    18(C )                  0.01883                 -0.00504
    19(H )                  0.08217                 -0.01560
    20(H )                  0.05552                 -0.01284
    21(C )                  0.02238                 -0.00434
    22(H )                  0.03569                 -0.00395
    23(H )                  0.09027                 -0.01704
    24(C )                  0.04344                 -0.00808
    25(H )                  0.10577                 -0.01744
    26(H )                  0.04988                 -0.01041
    27(H )                  0.08588                 -0.01275
    28(H )                  0.06584                 -0.01597
    29(H )                  0.08603                 -0.01337
    30(H )                  0.06805                 -0.01339
    31(H )                  0.07770                 -0.01306
 
 Condensed local softness (e/Hartree), relative electrophilicity/nucleophilicity (dimensionless) and condensed local hyper-softness (e/Hartree^2)
     Atom         s-          s+          s0        s+/s-       s-/s+       s(2)
     1(Pt)      0.8304      0.8159      0.8232      0.9825      1.0178     -0.0500
     2(N )      0.0378      0.0676      0.0527      1.7882      0.5592      0.1023
     3(Cl)      1.0940      0.8030      0.9485      0.7340      1.3624     -0.9998
     4(C )      0.0236      0.0248      0.0242      1.0516      0.9509      0.0042
     5(C )      0.0419      0.0381      0.0400      0.9091      1.1000     -0.0131
     6(N )      0.0727      0.1658      0.1193      2.2798      0.4386      0.3198
     7(H )      0.0355      0.0363      0.0359      1.0228      0.9777      0.0028
     8(N )      0.0386      0.0785      0.0586      2.0329      0.4919      0.1371
     9(C )      0.0388      0.0414      0.0401      1.0687      0.9357      0.0092
    10(H )      0.0845      0.1061      0.0953      1.2547      0.7970      0.0740
    11(H )      0.0503      0.0537      0.0520      1.0692      0.9353      0.0120
    12(H )      0.0409      0.0567      0.0488      1.3859      0.7216      0.0542
    13(H )      0.0786      0.0953      0.0870      1.2128      0.8245      0.0575
    14(H )      0.0764      0.0897      0.0831      1.1739      0.8519      0.0457
    15(C )      0.0460      0.0385      0.0422      0.8386      1.1925     -0.0255
    16(H )      0.0913      0.0957      0.0935      1.0476      0.9546      0.0149
    17(H )      0.0339      0.0497      0.0418      1.4642      0.6829      0.0541
    18(C )      0.0222      0.0165      0.0194      0.7429      1.3461     -0.0196
    19(H )      0.0688      0.0720      0.0704      1.0463      0.9558      0.0109
    20(H )      0.0566      0.0487      0.0526      0.8594      1.1637     -0.0274
    21(C )      0.0192      0.0196      0.0194      1.0242      0.9763      0.0016
    22(H )      0.0174      0.0313      0.0244      1.7949      0.5571      0.0476
    23(H )      0.0752      0.0791      0.0771      1.0524      0.9502      0.0135
    24(C )      0.0356      0.0381      0.0369      1.0685      0.9359      0.0084
    25(H )      0.0769      0.0927      0.0848      1.2048      0.8300      0.0541
    26(H )      0.0459      0.0437      0.0448      0.9517      1.0508     -0.0076
    27(H )      0.0563      0.0753      0.0658      1.3379      0.7474      0.0653
    28(H )      0.0704      0.0577      0.0641      0.8192      1.2206     -0.0437
    29(H )      0.0590      0.0754      0.0672      1.2785      0.7822      0.0564
    30(H )      0.0591      0.0596      0.0594      1.0095      0.9906      0.0019
    31(H )      0.0576      0.0681      0.0629      1.1820      0.8460      0.0360
 
 E(N):    -1022.013587 Hartree
 E(N+1):    -1022.157650 Hartree
 E(N-1):    -1021.578457 Hartree
 E_HOMO(N):     -0.363824 Hartree,   -9.9001 eV
 E_HOMO(N+1):   -0.115455 Hartree,   -3.1417 eV
 E_HOMO(N-1):   -0.587697 Hartree,  -15.9921 eV
 First vertical IP:     0.435129 Hartree,   11.8405 eV
 First vertical EA:     0.144064 Hartree,    3.9202 eV
 Mulliken electronegativity:     0.289596 Hartree,    7.8803 eV
 Chemical potential:            -0.289596 Hartree,   -7.8803 eV
 Hardness (=fundamental gap):    0.291066 Hartree,    7.9203 eV
 Softness:      3.435651 Hartree^-1,    0.1263 eV^-1
 Softness^2:   11.803697 Hartree^-2,    0.0159 eV^-2
 Electrophilicity index:    0.144067 Hartree,    3.9203 eV
 Nucleophilicity index:    -0.028626 Hartree,   -0.7789 eV
