 Note: the E(HOMO) of TCE used for evaluating nucleophilicity index is the value evaluated at B3LYP/6-31G* level
 
 Hirshfeld charges, condensed Fukui functions and condensed dual descriptors
 Units used below are "e" (elementary charge)
     Atom     q(N)    q(N+1)   q(N-1)     f-       f+       f0      CDD
     1(Pt)   0.2243   0.1607   0.2926   0.0682   0.0636   0.0659  -0.0046
     2(N )  -0.0817  -0.0923  -0.0663   0.0154   0.0106   0.0130  -0.0048
     3(N )  -0.0813  -0.0919  -0.0666   0.0146   0.0106   0.0126  -0.0040
     4(C )   0.0103  -0.0130   0.0193   0.0090   0.0233   0.0161   0.0142
     5(H )   0.0419  -0.0091   0.0598   0.0180   0.0509   0.0345   0.0330
     6(H )   0.0478   0.0087   0.0568   0.0090   0.0391   0.0240   0.0301
     7(C )  -0.0432  -0.0654  -0.0374   0.0058   0.0222   0.0140   0.0164
     8(H )   0.0353  -0.0315   0.0438   0.0085   0.0668   0.0376   0.0583
     9(H )   0.0487   0.0129   0.0661   0.0174   0.0358   0.0266   0.0184
    10(C )   0.0104  -0.0128   0.0193   0.0089   0.0232   0.0160   0.0142
    11(H )   0.0419  -0.0090   0.0597   0.0179   0.0509   0.0344   0.0330
    12(H )   0.0478   0.0090   0.0568   0.0089   0.0388   0.0239   0.0299
    13(H )   0.1274   0.0056   0.1409   0.0135   0.1218   0.0676   0.1083
    14(H )   0.1342   0.0787   0.1476   0.0134   0.0555   0.0344   0.0421
    15(H )   0.1343   0.0783   0.1476   0.0134   0.0560   0.0347   0.0426
    16(H )   0.1273   0.0060   0.1409   0.0136   0.1213   0.0674   0.1077
    17(O )  -0.2834  -0.2884  -0.2265   0.0569   0.0050   0.0310  -0.0519
    18(C )   0.1712   0.1623   0.2195   0.0483   0.0089   0.0286  -0.0394
    19(O )  -0.2817  -0.2868  -0.2292   0.0526   0.0051   0.0288  -0.0475
    20(C )   0.1750   0.1663   0.2186   0.0436   0.0087   0.0262  -0.0349
    21(C )  -0.0076  -0.0095   0.0252   0.0328   0.0019   0.0173  -0.0310
    22(O )  -0.2872  -0.3179  -0.1183   0.1689   0.0307   0.0998  -0.1382
    23(O )  -0.2901  -0.3213  -0.1216   0.1684   0.0312   0.0998  -0.1372
    24(C )  -0.0545  -0.0595  -0.0389   0.0156   0.0051   0.0103  -0.0105
    25(H )   0.0124  -0.0051   0.0333   0.0209   0.0175   0.0192  -0.0033
    26(H )   0.0246   0.0101   0.0510   0.0264   0.0146   0.0205  -0.0118
    27(C )  -0.0554  -0.0628  -0.0414   0.0140   0.0074   0.0107  -0.0067
    28(H )   0.0274   0.0188   0.0465   0.0191   0.0086   0.0139  -0.0105
    29(H )   0.0272   0.0178   0.0464   0.0192   0.0094   0.0143  -0.0098
    30(C )  -0.0529  -0.0596  -0.0358   0.0170   0.0067   0.0119  -0.0103
    31(H )   0.0218   0.0105   0.0473   0.0255   0.0112   0.0184  -0.0143
    32(H )   0.0278   0.0198   0.0429   0.0151   0.0081   0.0116  -0.0070
 
 Condensed local electrophilicity/nucleophilicity index (e*eV)
     Atom              Electrophilicity          Nucleophilicity
     1(Pt)                  0.06488                  0.22006
     2(N )                  0.01084                  0.04970
     3(N )                  0.01080                  0.04712
     4(C )                  0.02372                  0.02913
     5(H )                  0.05194                  0.05794
     6(H )                  0.03983                  0.02904
     7(C )                  0.02262                  0.01857
     8(H )                  0.06809                  0.02729
     9(H )                  0.03650                  0.05609
    10(C )                  0.02360                  0.02881
    11(H )                  0.05187                  0.05758
    12(H )                  0.03958                  0.02886
    13(H )                  0.12419                  0.04346
    14(H )                  0.05653                  0.04313
    15(H )                  0.05705                  0.04312
    16(H )                  0.12367                  0.04382
    17(O )                  0.00511                  0.18360
    18(C )                  0.00910                  0.15576
    19(O )                  0.00518                  0.16952
    20(C )                  0.00890                  0.14068
    21(C )                  0.00191                  0.10587
    22(O )                  0.03128                  0.54474
    23(O )                  0.03184                  0.54324
    24(C )                  0.00516                  0.05034
    25(H )                  0.01786                  0.06731
    26(H )                  0.01487                  0.08500
    27(C )                  0.00750                  0.04526
    28(H )                  0.00877                  0.06176
    29(H )                  0.00958                  0.06205
    30(C )                  0.00684                  0.05486
    31(H )                  0.01147                  0.08227
    32(H )                  0.00822                  0.04874
 
 Condensed local softness (e/Hartree), relative electrophilicity/nucleophilicity (dimensionless) and condensed local hyper-softness (e/Hartree^2)
     Atom         s-          s+          s0        s+/s-       s-/s+       s(2)
     1(Pt)      0.2561      0.2388      0.2474      0.9327      1.0722     -0.0647
     2(N )      0.0578      0.0399      0.0489      0.6903      1.4487     -0.0672
     3(N )      0.0548      0.0398      0.0473      0.7252      1.3790     -0.0566
     4(C )      0.0339      0.0873      0.0606      2.5760      0.3882      0.2005
     5(H )      0.0674      0.1912      0.1293      2.8359      0.3526      0.4645
     6(H )      0.0338      0.1466      0.0902      4.3387      0.2305      0.4234
     7(C )      0.0216      0.0833      0.0524      3.8543      0.2595      0.2314
     8(H )      0.0318      0.2507      0.1412      7.8934      0.1267      0.8215
     9(H )      0.0653      0.1344      0.0998      2.0587      0.4857      0.2593
    10(C )      0.0335      0.0869      0.0602      2.5923      0.3858      0.2003
    11(H )      0.0670      0.1909      0.1290      2.8503      0.3508      0.4652
    12(H )      0.0336      0.1457      0.0896      4.3384      0.2305      0.4207
    13(H )      0.0506      0.4572      0.2539      9.0408      0.1106      1.5259
    14(H )      0.0502      0.2081      0.1291      4.1474      0.2411      0.5927
    15(H )      0.0502      0.2100      0.1301      4.1859      0.2389      0.5999
    16(H )      0.0510      0.4553      0.2531      8.9297      0.1120      1.5172
    17(O )      0.2136      0.0188      0.1162      0.0880     11.3596     -0.7311
    18(C )      0.1812      0.0335      0.1074      0.1848      5.4107     -0.5545
    19(O )      0.1972      0.0191      0.1081      0.0966     10.3505     -0.6687
    20(C )      0.1637      0.0327      0.0982      0.2001      4.9985     -0.4914
    21(C )      0.1232      0.0070      0.0651      0.0570     17.5378     -0.4359
    22(O )      0.6338      0.1151      0.3745      0.1816      5.5051     -1.9466
    23(O )      0.6321      0.1172      0.3747      0.1855      5.3920     -1.9322
    24(C )      0.0586      0.0190      0.0388      0.3242      3.0845     -0.1485
    25(H )      0.0783      0.0658      0.0720      0.8396      1.1911     -0.0472
    26(H )      0.0989      0.0547      0.0768      0.5533      1.8073     -0.1658
    27(C )      0.0527      0.0276      0.0401      0.5246      1.9064     -0.0940
    28(H )      0.0719      0.0323      0.0521      0.4495      2.2248     -0.1485
    29(H )      0.0722      0.0353      0.0537      0.4884      2.0476     -0.1386
    30(C )      0.0638      0.0252      0.0445      0.3946      2.5340     -0.1450
    31(H )      0.0957      0.0422      0.0690      0.4410      2.2674     -0.2008
    32(H )      0.0567      0.0303      0.0435      0.5337      1.8738     -0.0993
 
 E(N):     -882.532405 Hartree
 E(N+1):     -882.540473 Hartree
 E(N-1):     -882.257875 Hartree
 E_HOMO(N):     -0.216669 Hartree,   -5.8959 eV
 E_HOMO(N+1):    0.028413 Hartree,    0.7732 eV
 E_HOMO(N-1):   -0.391828 Hartree,  -10.6622 eV
 First vertical IP:     0.274530 Hartree,    7.4704 eV
 First vertical EA:     0.008068 Hartree,    0.2195 eV
 Mulliken electronegativity:     0.141299 Hartree,    3.8449 eV
 Chemical potential:            -0.141299 Hartree,   -3.8449 eV
 Hardness (=fundamental gap):    0.266463 Hartree,    7.2508 eV
 Softness:      3.752871 Hartree^-1,    0.1379 eV^-1
 Softness^2:   14.084044 Hartree^-2,    0.0190 eV^-2
 Electrophilicity index:    0.037464 Hartree,    1.0194 eV
 Nucleophilicity index:     0.118529 Hartree,    3.2253 eV
