 Note: the E(HOMO) of TCE used for evaluating nucleophilicity index is the value evaluated at B3LYP/6-31G* level
 
 Hirshfeld charges, condensed Fukui functions and condensed dual descriptors
 Units used below are "e" (elementary charge)
     Atom     q(N)    q(N+1)   q(N-1)     f-       f+       f0      CDD
     1(Pt)   0.2749   0.0260   0.5672   0.2924   0.2489   0.2706  -0.0435
     2(N )  -0.0686  -0.1104  -0.0181   0.0504   0.0419   0.0462  -0.0086
     3(N )  -0.0686  -0.1104  -0.0554   0.0132   0.0419   0.0275   0.0287
     4(N )  -0.0707  -0.1121  -0.0566   0.0141   0.0414   0.0278   0.0273
     5(N )  -0.0707  -0.1121  -0.0195   0.0512   0.0414   0.0463  -0.0097
     6(C )   0.0267   0.0099   0.0393   0.0126   0.0168   0.0147   0.0043
     7(H )   0.0594   0.0413   0.0741   0.0147   0.0181   0.0164   0.0034
     8(H )   0.0749   0.0441   0.1013   0.0264   0.0309   0.0286   0.0045
     9(C )  -0.0355  -0.0462  -0.0227   0.0128   0.0107   0.0117  -0.0021
    10(H )   0.0467   0.0325   0.0600   0.0132   0.0142   0.0137   0.0010
    11(H )   0.0772   0.0493   0.1031   0.0260   0.0279   0.0269   0.0019
    12(C )   0.0273   0.0103   0.0516   0.0243   0.0170   0.0206  -0.0073
    13(H )   0.0676   0.0394   0.1026   0.0350   0.0282   0.0316  -0.0068
    14(H )   0.0667   0.0483   0.0891   0.0224   0.0184   0.0204  -0.0040
    15(C )   0.0273   0.0103   0.0418   0.0146   0.0170   0.0158   0.0024
    16(H )   0.0676   0.0394   0.0922   0.0246   0.0282   0.0264   0.0035
    17(H )   0.0667   0.0483   0.0827   0.0160   0.0184   0.0172   0.0024
    18(C )  -0.0355  -0.0462  -0.0232   0.0123   0.0107   0.0115  -0.0016
    19(H )   0.0772   0.0493   0.1032   0.0260   0.0279   0.0269   0.0019
    20(H )   0.0467   0.0325   0.0563   0.0096   0.0142   0.0119   0.0046
    21(C )   0.0267   0.0099   0.0477   0.0210   0.0168   0.0189  -0.0041
    22(H )   0.0594   0.0413   0.0804   0.0210   0.0181   0.0196  -0.0029
    23(H )   0.0749   0.0441   0.1101   0.0352   0.0309   0.0330  -0.0043
    24(H )   0.1488   0.1235   0.1791   0.0303   0.0253   0.0278  -0.0050
    25(H )   0.1452   0.1162   0.1778   0.0326   0.0290   0.0308  -0.0036
    26(H )   0.1454   0.1188   0.1624   0.0171   0.0266   0.0218   0.0095
    27(H )   0.1513   0.1222   0.1749   0.0235   0.0292   0.0264   0.0056
    28(H )   0.1513   0.1222   0.1846   0.0332   0.0292   0.0312  -0.0041
    29(H )   0.1454   0.1188   0.1752   0.0298   0.0266   0.0282  -0.0032
    30(H )   0.1488   0.1235   0.1715   0.0227   0.0253   0.0240   0.0026
    31(H )   0.1452   0.1162   0.1668   0.0216   0.0290   0.0253   0.0074
 
 Condensed local electrophilicity/nucleophilicity index (e*eV)
     Atom              Electrophilicity          Nucleophilicity
     1(Pt)                  2.10980                 -1.60836
     2(N )                  0.35493                 -0.27747
     3(N )                  0.35492                 -0.07254
     4(N )                  0.35126                 -0.07755
     5(N )                  0.35127                 -0.28152
     6(C )                  0.14277                 -0.06920
     7(H )                  0.15350                 -0.08094
     8(H )                  0.26166                 -0.14513
     9(C )                  0.09047                 -0.07052
    10(H )                  0.12026                 -0.07275
    11(H )                  0.23632                 -0.14279
    12(C )                  0.14383                 -0.13372
    13(H )                  0.23876                 -0.19244
    14(H )                  0.15615                 -0.12328
    15(C )                  0.14382                 -0.08011
    16(H )                  0.23875                 -0.13550
    17(H )                  0.15614                 -0.08827
    18(C )                  0.09047                 -0.06767
    19(H )                  0.23631                 -0.14301
    20(H )                  0.12026                 -0.05259
    21(C )                  0.14277                 -0.11537
    22(H )                  0.15351                 -0.11553
    23(H )                  0.26166                 -0.19346
    24(H )                  0.21469                 -0.16658
    25(H )                  0.24589                 -0.17940
    26(H )                  0.22526                 -0.09394
    27(H )                  0.24730                 -0.12946
    28(H )                  0.24729                 -0.18285
    29(H )                  0.22527                 -0.16406
    30(H )                  0.21469                 -0.12499
    31(H )                  0.24590                 -0.11866
 
 Condensed local softness (e/Hartree), relative electrophilicity/nucleophilicity (dimensionless) and condensed local hyper-softness (e/Hartree^2)
     Atom         s-          s+          s0        s+/s-       s-/s+       s(2)
     1(Pt)      0.8719      0.7423      0.8071      0.8514      1.1746     -0.3864
     2(N )      0.1504      0.1249      0.1376      0.8302      1.2045     -0.0761
     3(N )      0.0393      0.1249      0.0821      3.1756      0.3149      0.2551
     4(N )      0.0420      0.1236      0.0828      2.9396      0.3402      0.2432
     5(N )      0.1526      0.1236      0.1381      0.8098      1.2348     -0.0865
     6(C )      0.0375      0.0502      0.0439      1.3390      0.7468      0.0379
     7(H )      0.0439      0.0540      0.0489      1.2308      0.8125      0.0302
     8(H )      0.0787      0.0921      0.0854      1.1702      0.8545      0.0399
     9(C )      0.0382      0.0318      0.0350      0.8326      1.2010     -0.0191
    10(H )      0.0394      0.0423      0.0409      1.0729      0.9321      0.0086
    11(H )      0.0774      0.0831      0.0803      1.0741      0.9310      0.0171
    12(C )      0.0725      0.0506      0.0615      0.6981      1.4325     -0.0653
    13(H )      0.1043      0.0840      0.0942      0.8053      1.2418     -0.0606
    14(H )      0.0668      0.0549      0.0609      0.8221      1.2164     -0.0355
    15(C )      0.0434      0.0506      0.0470      1.1652      0.8582      0.0214
    16(H )      0.0735      0.0840      0.0787      1.1436      0.8744      0.0315
    17(H )      0.0479      0.0549      0.0514      1.1480      0.8711      0.0211
    18(C )      0.0367      0.0318      0.0343      0.8677      1.1525     -0.0145
    19(H )      0.0775      0.0831      0.0803      1.0725      0.9324      0.0168
    20(H )      0.0285      0.0423      0.0354      1.4841      0.6738      0.0412
    21(C )      0.0625      0.0502      0.0564      0.8032      1.2451     -0.0367
    22(H )      0.0626      0.0540      0.0583      0.8624      1.1596     -0.0257
    23(H )      0.1049      0.0921      0.0985      0.8779      1.1391     -0.0382
    24(H )      0.0903      0.0755      0.0829      0.8365      1.1955     -0.0440
    25(H )      0.0972      0.0865      0.0919      0.8896      1.1241     -0.0320
    26(H )      0.0509      0.0793      0.0651      1.5564      0.6425      0.0845
    27(H )      0.0702      0.0870      0.0786      1.2398      0.8066      0.0502
    28(H )      0.0991      0.0870      0.0931      0.8778      1.1393     -0.0361
    29(H )      0.0889      0.0793      0.0841      0.8912      1.1221     -0.0289
    30(H )      0.0678      0.0755      0.0716      1.1148      0.8970      0.0232
    31(H )      0.0643      0.0865      0.0754      1.3450      0.7435      0.0662
 
 E(N):     -578.678289 Hartree
 E(N+1):     -578.967684 Hartree
 E(N-1):     -578.053555 Hartree
 E_HOMO(N):     -0.537363 Hartree,  -14.6224 eV
 E_HOMO(N+1):   -0.253048 Hartree,   -6.8858 eV
 E_HOMO(N-1):   -0.747395 Hartree,  -20.3377 eV
 First vertical IP:     0.624734 Hartree,   16.9999 eV
 First vertical EA:     0.289395 Hartree,    7.8748 eV
 Mulliken electronegativity:     0.457065 Hartree,   12.4374 eV
 Chemical potential:            -0.457065 Hartree,  -12.4374 eV
 Hardness (=fundamental gap):    0.335339 Hartree,    9.1250 eV
 Softness:      2.982055 Hartree^-1,    0.1096 eV^-1
 Softness^2:    8.892652 Hartree^-2,    0.0120 eV^-2
 Electrophilicity index:    0.311488 Hartree,    8.4760 eV
 Nucleophilicity index:    -0.202165 Hartree,   -5.5012 eV
