 Note: the E(HOMO) of TCE used for evaluating nucleophilicity index is the value evaluated at B3LYP/6-31G* level
 
 Hirshfeld charges, condensed Fukui functions and condensed dual descriptors
 Units used below are "e" (elementary charge)
     Atom     q(N)    q(N+1)   q(N-1)     f-       f+       f0      CDD
     1(Pt)   0.2749   0.0190   0.5548   0.2798   0.2559   0.2679  -0.0239
     2(N )  -0.0697  -0.1111  -0.0193   0.0503   0.0414   0.0459  -0.0089
     3(N )  -0.0697  -0.1111  -0.0577   0.0120   0.0414   0.0267   0.0294
     4(N )  -0.0697  -0.1111  -0.0577   0.0120   0.0414   0.0267   0.0294
     5(N )  -0.0697  -0.1111  -0.0193   0.0504   0.0414   0.0459  -0.0089
     6(C )   0.0244   0.0081   0.0395   0.0151   0.0163   0.0157   0.0012
     7(H )   0.0587   0.0419   0.0737   0.0151   0.0168   0.0159   0.0017
     8(H )   0.0725   0.0418   0.1004   0.0279   0.0307   0.0293   0.0028
     9(C )  -0.0322  -0.0405  -0.0220   0.0102   0.0083   0.0093  -0.0019
    10(H )   0.0528   0.0370   0.0696   0.0168   0.0158   0.0163  -0.0010
    11(H )   0.0809   0.0539   0.1063   0.0254   0.0270   0.0262   0.0015
    12(C )   0.0244   0.0081   0.0475   0.0231   0.0163   0.0197  -0.0067
    13(H )   0.0587   0.0419   0.0786   0.0200   0.0168   0.0184  -0.0032
    14(H )   0.0725   0.0418   0.1136   0.0411   0.0307   0.0359  -0.0104
    15(C )   0.0244   0.0081   0.0395   0.0151   0.0163   0.0157   0.0012
    16(H )   0.0587   0.0419   0.0737   0.0151   0.0168   0.0159   0.0017
    17(H )   0.0725   0.0418   0.1004   0.0279   0.0307   0.0293   0.0028
    18(C )  -0.0322  -0.0405  -0.0220   0.0102   0.0083   0.0093  -0.0019
    19(H )   0.0809   0.0539   0.1063   0.0254   0.0270   0.0262   0.0015
    20(H )   0.0528   0.0370   0.0696   0.0168   0.0158   0.0163  -0.0010
    21(C )   0.0244   0.0081   0.0475   0.0231   0.0163   0.0197  -0.0067
    22(H )   0.0587   0.0419   0.0787   0.0200   0.0168   0.0184  -0.0032
    23(H )   0.0725   0.0418   0.1136   0.0411   0.0307   0.0359  -0.0104
    24(H )   0.1479   0.1182   0.1788   0.0309   0.0298   0.0303  -0.0011
    25(H )   0.1466   0.1212   0.1783   0.0317   0.0254   0.0286  -0.0063
    26(H )   0.1479   0.1182   0.1653   0.0173   0.0298   0.0235   0.0125
    27(H )   0.1466   0.1211   0.1697   0.0232   0.0254   0.0243   0.0023
    28(H )   0.1466   0.1211   0.1783   0.0317   0.0254   0.0286  -0.0063
    29(H )   0.1479   0.1182   0.1788   0.0309   0.0298   0.0303  -0.0011
    30(H )   0.1479   0.1182   0.1653   0.0173   0.0298   0.0235   0.0125
    31(H )   0.1466   0.1212   0.1698   0.0232   0.0254   0.0243   0.0023
 
 Condensed local electrophilicity/nucleophilicity index (e*eV)
     Atom              Electrophilicity          Nucleophilicity
     1(Pt)                  2.15914                 -1.52443
     2(N )                  0.34956                 -0.27426
     3(N )                  0.34957                 -0.06544
     4(N )                  0.34964                 -0.06539
     5(N )                  0.34963                 -0.27430
     6(C )                  0.13791                 -0.08234
     7(H )                  0.14150                 -0.08211
     8(H )                  0.25916                 -0.15210
     9(C )                  0.06990                 -0.05572
    10(H )                  0.13303                 -0.09155
    11(H )                  0.22750                 -0.13857
    12(C )                  0.13789                 -0.12564
    13(H )                  0.14150                 -0.10888
    14(H )                  0.25915                 -0.22379
    15(C )                  0.13790                 -0.08232
    16(H )                  0.14151                 -0.08211
    17(H )                  0.25915                 -0.15210
    18(C )                  0.06990                 -0.05573
    19(H )                  0.22750                 -0.13855
    20(H )                  0.13303                 -0.09151
    21(C )                  0.13790                 -0.12561
    22(H )                  0.14150                 -0.10893
    23(H )                  0.25916                 -0.22379
    24(H )                  0.25120                 -0.16823
    25(H )                  0.21457                 -0.17285
    26(H )                  0.25121                 -0.09435
    27(H )                  0.21458                 -0.12616
    28(H )                  0.21458                 -0.17282
    29(H )                  0.25121                 -0.16820
    30(H )                  0.25120                 -0.09434
    31(H )                  0.21457                 -0.12620
 
 Condensed local softness (e/Hartree), relative electrophilicity/nucleophilicity (dimensionless) and condensed local hyper-softness (e/Hartree^2)
     Atom         s-          s+          s0        s+/s-       s-/s+       s(2)
     1(Pt)      0.8445      0.7724      0.8084      0.9145      1.0934     -0.2178
     2(N )      0.1519      0.1250      0.1385      0.8230      1.2151     -0.0812
     3(N )      0.0363      0.1250      0.0806      3.4493      0.2899      0.2680
     4(N )      0.0362      0.1251      0.0806      3.4527      0.2896      0.2681
     5(N )      0.1520      0.1251      0.1385      0.8230      1.2150     -0.0811
     6(C )      0.0456      0.0493      0.0475      1.0814      0.9247      0.0112
     7(H )      0.0455      0.0506      0.0481      1.1127      0.8987      0.0155
     8(H )      0.0843      0.0927      0.0885      1.1002      0.9089      0.0255
     9(C )      0.0309      0.0250      0.0279      0.8101      1.2345     -0.0177
    10(H )      0.0507      0.0476      0.0492      0.9383      1.0658     -0.0095
    11(H )      0.0768      0.0814      0.0791      1.0601      0.9433      0.0139
    12(C )      0.0696      0.0493      0.0595      0.7087      1.4111     -0.0612
    13(H )      0.0603      0.0506      0.0555      0.8392      1.1917     -0.0293
    14(H )      0.1240      0.0927      0.1083      0.7477      1.3374     -0.0944
    15(C )      0.0456      0.0493      0.0475      1.0816      0.9245      0.0112
    16(H )      0.0455      0.0506      0.0481      1.1127      0.8987      0.0155
    17(H )      0.0843      0.0927      0.0885      1.1002      0.9089      0.0255
    18(C )      0.0309      0.0250      0.0279      0.8100      1.2346     -0.0177
    19(H )      0.0768      0.0814      0.0791      1.0602      0.9432      0.0140
    20(H )      0.0507      0.0476      0.0491      0.9387      1.0653     -0.0094
    21(C )      0.0696      0.0493      0.0595      0.7089      1.4106     -0.0611
    22(H )      0.0603      0.0506      0.0555      0.8388      1.1922     -0.0294
    23(H )      0.1240      0.0927      0.1083      0.7477      1.3374     -0.0944
    24(H )      0.0932      0.0899      0.0915      0.9641      1.0372     -0.0101
    25(H )      0.0958      0.0768      0.0863      0.8016      1.2476     -0.0573
    26(H )      0.0523      0.0899      0.0711      1.7191      0.5817      0.1134
    27(H )      0.0699      0.0768      0.0733      1.0982      0.9105      0.0207
    28(H )      0.0957      0.0768      0.0863      0.8017      1.2473     -0.0573
    29(H )      0.0932      0.0899      0.0915      0.9644      1.0370     -0.0100
    30(H )      0.0523      0.0899      0.0711      1.7192      0.5817      0.1134
    31(H )      0.0699      0.0768      0.0733      1.0978      0.9109      0.0206
 
 E(N):     -578.689612 Hartree
 E(N+1):     -578.977214 Hartree
 E(N-1):     -578.070648 Hartree
 E_HOMO(N):     -0.535386 Hartree,  -14.5686 eV
 E_HOMO(N+1):   -0.249637 Hartree,   -6.7930 eV
 E_HOMO(N-1):   -0.741181 Hartree,  -20.1686 eV
 First vertical IP:     0.618964 Hartree,   16.8429 eV
 First vertical EA:     0.287602 Hartree,    7.8260 eV
 Mulliken electronegativity:     0.453283 Hartree,   12.3345 eV
 Chemical potential:            -0.453283 Hartree,  -12.3345 eV
 Hardness (=fundamental gap):    0.331363 Hartree,    9.0168 eV
 Softness:      3.017842 Hartree^-1,    0.1109 eV^-1
 Softness^2:    9.107369 Hartree^-2,    0.0123 eV^-2
 Electrophilicity index:    0.310031 Hartree,    8.4364 eV
 Nucleophilicity index:    -0.200188 Hartree,   -5.4474 eV
