 Note: the E(HOMO) of TCE used for evaluating nucleophilicity index is the value evaluated at B3LYP/6-31G* level
 
 Hirshfeld charges, condensed Fukui functions and condensed dual descriptors
 Units used below are "e" (elementary charge)
     Atom     q(N)    q(N+1)   q(N-1)     f-       f+       f0      CDD
     1(Pt)   0.2130  -0.0238   0.4617   0.2487   0.2368   0.2428  -0.0118
     2(N )  -0.0754  -0.0998  -0.0629   0.0125   0.0244   0.0184   0.0119
     3(Cl)  -0.2852  -0.5171   0.0445   0.3297   0.2318   0.2808  -0.0979
     4(C )  -0.0385  -0.0449  -0.0317   0.0067   0.0065   0.0066  -0.0003
     5(C )   0.0082  -0.0030   0.0201   0.0119   0.0112   0.0115  -0.0006
     6(N )  -0.0494  -0.0909  -0.0294   0.0200   0.0415   0.0307   0.0215
     7(H )   0.0639   0.0388   0.0856   0.0217   0.0251   0.0234   0.0034
     8(N )  -0.0719  -0.0985  -0.0616   0.0103   0.0266   0.0185   0.0164
     9(C )   0.0164   0.0048   0.0268   0.0104   0.0116   0.0110   0.0013
    10(H )   0.0478   0.0318   0.0600   0.0122   0.0160   0.0141   0.0038
    11(H )   0.0499   0.0200   0.0739   0.0240   0.0298   0.0269   0.0058
    12(H )   0.0574   0.0294   0.0803   0.0229   0.0280   0.0254   0.0051
    13(H )   0.0546   0.0396   0.0635   0.0088   0.0151   0.0120   0.0062
    14(H )   0.0411   0.0282   0.0547   0.0136   0.0129   0.0133  -0.0008
    15(C )   0.0098  -0.0027   0.0198   0.0100   0.0125   0.0113   0.0025
    16(H )   0.0468   0.0178   0.0697   0.0229   0.0290   0.0260   0.0061
    17(H )   0.0421   0.0270   0.0550   0.0129   0.0150   0.0140   0.0021
    18(C )  -0.0401  -0.0450  -0.0358   0.0044   0.0048   0.0046   0.0004
    19(H )   0.0518   0.0289   0.0725   0.0207   0.0229   0.0218   0.0021
    20(H )   0.0375   0.0293   0.0424   0.0049   0.0082   0.0066   0.0033
    21(C )  -0.0383  -0.0430  -0.0323   0.0060   0.0047   0.0054  -0.0013
    22(H )   0.0386   0.0268   0.0528   0.0142   0.0118   0.0130  -0.0024
    23(H )   0.0563   0.0344   0.0754   0.0192   0.0218   0.0205   0.0026
    24(C )   0.0149   0.0040   0.0252   0.0103   0.0109   0.0106   0.0006
    25(H )   0.0549   0.0295   0.0769   0.0220   0.0254   0.0237   0.0034
    26(H )   0.0485   0.0369   0.0555   0.0070   0.0116   0.0093   0.0046
    27(H )   0.1243   0.1044   0.1445   0.0202   0.0198   0.0200  -0.0004
    28(H )   0.1316   0.1123   0.1483   0.0168   0.0192   0.0180   0.0025
    29(H )   0.1328   0.1117   0.1525   0.0197   0.0211   0.0204   0.0013
    30(H )   0.1376   0.1140   0.1556   0.0180   0.0236   0.0208   0.0056
    31(H )   0.1191   0.0989   0.1363   0.0173   0.0201   0.0187   0.0028
 
 Condensed local electrophilicity/nucleophilicity index (e*eV)
     Atom              Electrophilicity          Nucleophilicity
     1(Pt)                  0.93395                 -0.20154
     2(N )                  0.09624                 -0.01012
     3(Cl)                  0.91420                 -0.26725
     4(C )                  0.02548                 -0.00546
     5(C )                  0.04425                 -0.00962
     6(N )                  0.16356                 -0.01621
     7(H )                  0.09912                 -0.01760
     8(N )                  0.10500                 -0.00833
     9(C )                  0.04589                 -0.00840
    10(H )                  0.06318                 -0.00987
    11(H )                  0.11767                 -0.01949
    12(H )                  0.11032                 -0.01855
    13(H )                  0.05949                 -0.00717
    14(H )                  0.05074                 -0.01106
    15(C )                  0.04923                 -0.00813
    16(H )                  0.11448                 -0.01859
    17(H )                  0.05930                 -0.01045
    18(C )                  0.01901                 -0.00355
    19(H )                  0.09018                 -0.01681
    20(H )                  0.03245                 -0.00396
    21(C )                  0.01870                 -0.00488
    22(H )                  0.04659                 -0.01150
    23(H )                  0.08602                 -0.01553
    24(C )                  0.04292                 -0.00832
    25(H )                  0.10008                 -0.01781
    26(H )                  0.04567                 -0.00570
    27(H )                  0.07827                 -0.01638
    28(H )                  0.07586                 -0.01360
    29(H )                  0.08303                 -0.01600
    30(H )                  0.09304                 -0.01461
    31(H )                  0.07927                 -0.01400
 
 Condensed local softness (e/Hartree), relative electrophilicity/nucleophilicity (dimensionless) and condensed local hyper-softness (e/Hartree^2)
     Atom         s-          s+          s0        s+/s-       s-/s+       s(2)
     1(Pt)      0.8487      0.8084      0.8286      0.9525      1.0499     -0.1377
     2(N )      0.0426      0.0833      0.0630      1.9542      0.5117      0.1388
     3(Cl)      1.1254      0.7913      0.9584      0.7031      1.4223     -1.1405
     4(C )      0.0230      0.0221      0.0225      0.9590      1.0427     -0.0032
     5(C )      0.0405      0.0383      0.0394      0.9454      1.0577     -0.0075
     6(N )      0.0683      0.1416      0.1049      2.0734      0.4823      0.2502
     7(H )      0.0741      0.0858      0.0800      1.1575      0.8639      0.0398
     8(N )      0.0351      0.0909      0.0630      2.5919      0.3858      0.1905
     9(C )      0.0354      0.0397      0.0376      1.1226      0.8908      0.0148
    10(H )      0.0416      0.0547      0.0481      1.3150      0.7605      0.0447
    11(H )      0.0821      0.1019      0.0920      1.2408      0.8059      0.0675
    12(H )      0.0781      0.0955      0.0868      1.2227      0.8179      0.0594
    13(H )      0.0302      0.0515      0.0408      1.7048      0.5866      0.0727
    14(H )      0.0466      0.0439      0.0452      0.9432      1.0602     -0.0090
    15(C )      0.0342      0.0426      0.0384      1.2442      0.8037      0.0285
    16(H )      0.0783      0.0991      0.0887      1.2655      0.7902      0.0710
    17(H )      0.0440      0.0513      0.0477      1.1661      0.8575      0.0250
    18(C )      0.0150      0.0165      0.0157      1.0997      0.9093      0.0051
    19(H )      0.0708      0.0781      0.0744      1.1027      0.9069      0.0248
    20(H )      0.0167      0.0281      0.0224      1.6844      0.5937      0.0389
    21(C )      0.0206      0.0162      0.0184      0.7873      1.2701     -0.0149
    22(H )      0.0484      0.0403      0.0444      0.8329      1.2007     -0.0276
    23(H )      0.0654      0.0745      0.0699      1.1382      0.8786      0.0309
    24(C )      0.0350      0.0372      0.0361      1.0608      0.9427      0.0073
    25(H )      0.0750      0.0866      0.0808      1.1549      0.8659      0.0396
    26(H )      0.0240      0.0395      0.0318      1.6474      0.6070      0.0530
    27(H )      0.0690      0.0678      0.0684      0.9820      1.0184     -0.0042
    28(H )      0.0573      0.0657      0.0615      1.1468      0.8720      0.0287
    29(H )      0.0674      0.0719      0.0696      1.0667      0.9375      0.0153
    30(H )      0.0615      0.0805      0.0710      1.3092      0.7638      0.0649
    31(H )      0.0590      0.0686      0.0638      1.1637      0.8593      0.0329
 
 E(N):    -1022.014893 Hartree
 E(N+1):    -1022.159803 Hartree
 E(N-1):    -1021.577005 Hartree
 E_HOMO(N):     -0.364984 Hartree,   -9.9317 eV
 E_HOMO(N+1):   -0.114056 Hartree,   -3.1036 eV
 E_HOMO(N-1):   -0.593191 Hartree,  -16.1416 eV
 First vertical IP:     0.437888 Hartree,   11.9155 eV
 First vertical EA:     0.144911 Hartree,    3.9432 eV
 Mulliken electronegativity:     0.291399 Hartree,    7.9294 eV
 Chemical potential:            -0.291399 Hartree,   -7.9294 eV
 Hardness (=fundamental gap):    0.292977 Hartree,    7.9723 eV
 Softness:      3.413234 Hartree^-1,    0.1254 eV^-1
 Softness^2:   11.650167 Hartree^-2,    0.0157 eV^-2
 Electrophilicity index:    0.144915 Hartree,    3.9433 eV
 Nucleophilicity index:    -0.029786 Hartree,   -0.8105 eV
