 Note: the E(HOMO) of TCE used for evaluating nucleophilicity index is the value evaluated at B3LYP/6-31G* level
 
 Hirshfeld charges, condensed Fukui functions and condensed dual descriptors
 Units used below are "e" (elementary charge)
     Atom     q(N)    q(N+1)   q(N-1)     f-       f+       f0      CDD
     1(Pt)   0.2179  -0.0135   0.4641   0.2462   0.2314   0.2388  -0.0148
     2(N )  -0.0731  -0.0950  -0.0613   0.0119   0.0219   0.0169   0.0101
     3(Cl)  -0.2865  -0.5180   0.0344   0.3209   0.2315   0.2762  -0.0894
     4(C )  -0.0389  -0.0452  -0.0320   0.0069   0.0064   0.0066  -0.0005
     5(C )   0.0089  -0.0033   0.0206   0.0117   0.0121   0.0119   0.0004
     6(N )  -0.0490  -0.0978  -0.0288   0.0202   0.0488   0.0345   0.0286
     7(H )   0.0635   0.0375   0.0855   0.0220   0.0260   0.0240   0.0040
     8(N )  -0.0722  -0.0948  -0.0612   0.0110   0.0225   0.0168   0.0115
     9(C )   0.0165   0.0056   0.0268   0.0104   0.0108   0.0106   0.0005
    10(H )   0.0485   0.0316   0.0605   0.0120   0.0169   0.0144   0.0049
    11(H )   0.0494   0.0186   0.0735   0.0242   0.0308   0.0275   0.0066
    12(H )   0.0572   0.0294   0.0802   0.0230   0.0278   0.0254   0.0049
    13(H )   0.0545   0.0398   0.0637   0.0093   0.0147   0.0120   0.0054
    14(H )   0.0412   0.0287   0.0543   0.0130   0.0126   0.0128  -0.0005
    15(C )   0.0080  -0.0053   0.0181   0.0102   0.0132   0.0117   0.0031
    16(H )   0.0495   0.0204   0.0725   0.0230   0.0290   0.0260   0.0060
    17(H )   0.0381   0.0228   0.0500   0.0119   0.0153   0.0136   0.0034
    18(C )  -0.0402  -0.0463  -0.0343   0.0059   0.0061   0.0060   0.0002
    19(H )   0.0499   0.0301   0.0703   0.0204   0.0198   0.0201  -0.0006
    20(H )   0.0446   0.0275   0.0600   0.0154   0.0171   0.0162   0.0017
    21(C )  -0.0460  -0.0527  -0.0362   0.0098   0.0067   0.0083  -0.0032
    22(H )   0.0559   0.0325   0.0803   0.0244   0.0234   0.0239  -0.0010
    23(H )   0.0255   0.0186   0.0256   0.0002   0.0069   0.0035   0.0067
    24(C )   0.0171   0.0062   0.0274   0.0103   0.0109   0.0106   0.0006
    25(H )   0.0500   0.0268   0.0729   0.0229   0.0232   0.0230   0.0003
    26(H )   0.0594   0.0437   0.0724   0.0130   0.0157   0.0143   0.0027
    27(H )   0.1301   0.1123   0.1502   0.0201   0.0178   0.0190  -0.0023
    28(H )   0.1284   0.1109   0.1446   0.0162   0.0175   0.0169   0.0012
    29(H )   0.1329   0.1142   0.1524   0.0195   0.0187   0.0191  -0.0008
    30(H )   0.1375   0.1152   0.1555   0.0179   0.0224   0.0202   0.0044
    31(H )   0.1213   0.0995   0.1379   0.0165   0.0218   0.0192   0.0053
 
 Condensed local electrophilicity/nucleophilicity index (e*eV)
     Atom              Electrophilicity          Nucleophilicity
     1(Pt)                  0.91906                 -0.19350
     2(N )                  0.08712                 -0.00932
     3(Cl)                  0.91946                 -0.25223
     4(C )                  0.02538                 -0.00541
     5(C )                  0.04819                 -0.00918
     6(N )                  0.19375                 -0.01588
     7(H )                  0.10315                 -0.01727
     8(N )                  0.08956                 -0.00868
     9(C )                  0.04298                 -0.00814
    10(H )                  0.06695                 -0.00943
    11(H )                  0.12220                 -0.01899
    12(H )                  0.11059                 -0.01805
    13(H )                  0.05823                 -0.00727
    14(H )                  0.04991                 -0.01023
    15(C )                  0.05256                 -0.00800
    16(H )                  0.11528                 -0.01808
    17(H )                  0.06094                 -0.00937
    18(C )                  0.02432                 -0.00465
    19(H )                  0.07859                 -0.01606
    20(H )                  0.06791                 -0.01207
    21(C )                  0.02648                 -0.00774
    22(H )                  0.09289                 -0.01920
    23(H )                  0.02743                 -0.00012
    24(C )                  0.04331                 -0.00806
    25(H )                  0.09203                 -0.01802
    26(H )                  0.06233                 -0.01021
    27(H )                  0.07087                 -0.01583
    28(H )                  0.06934                 -0.01277
    29(H )                  0.07421                 -0.01532
    30(H )                  0.08886                 -0.01410
    31(H )                  0.08671                 -0.01298
 
 Condensed local softness (e/Hartree), relative electrophilicity/nucleophilicity (dimensionless) and condensed local hyper-softness (e/Hartree^2)
     Atom         s-          s+          s0        s+/s-       s-/s+       s(2)
     1(Pt)      0.8483      0.7974      0.8229      0.9399      1.0639     -0.1756
     2(N )      0.0409      0.0756      0.0582      1.8496      0.5407      0.1196
     3(Cl)      1.1058      0.7977      0.9518      0.7214      1.3862     -1.0617
     4(C )      0.0237      0.0220      0.0229      0.9291      1.0763     -0.0058
     5(C )      0.0403      0.0418      0.0410      1.0385      0.9629      0.0053
     6(N )      0.0696      0.1681      0.1189      2.4147      0.4141      0.3394
     7(H )      0.0757      0.0895      0.0826      1.1817      0.8462      0.0474
     8(N )      0.0381      0.0777      0.0579      2.0418      0.4898      0.1366
     9(C )      0.0357      0.0373      0.0365      1.0449      0.9571      0.0055
    10(H )      0.0413      0.0581      0.0497      1.4048      0.7119      0.0577
    11(H )      0.0832      0.1060      0.0946      1.2737      0.7851      0.0785
    12(H )      0.0791      0.0959      0.0875      1.2124      0.8248      0.0579
    13(H )      0.0319      0.0505      0.0412      1.5845      0.6311      0.0642
    14(H )      0.0449      0.0433      0.0441      0.9652      1.0361     -0.0054
    15(C )      0.0351      0.0456      0.0403      1.3005      0.7689      0.0363
    16(H )      0.0793      0.1000      0.0897      1.2615      0.7927      0.0714
    17(H )      0.0411      0.0529      0.0470      1.2877      0.7766      0.0407
    18(C )      0.0204      0.0211      0.0207      1.0353      0.9659      0.0025
    19(H )      0.0704      0.0682      0.0693      0.9682      1.0328     -0.0077
    20(H )      0.0529      0.0589      0.0559      1.1131      0.8984      0.0206
    21(C )      0.0339      0.0230      0.0285      0.6770      1.4771     -0.0378
    22(H )      0.0842      0.0806      0.0824      0.9577      1.0442     -0.0123
    23(H )      0.0005      0.0238      0.0122     43.9965      0.0227      0.0801
    24(C )      0.0354      0.0376      0.0365      1.0628      0.9409      0.0076
    25(H )      0.0790      0.0798      0.0794      1.0110      0.9891      0.0030
    26(H )      0.0448      0.0541      0.0494      1.2076      0.8281      0.0320
    27(H )      0.0694      0.0615      0.0654      0.8858      1.1289     -0.0273
    28(H )      0.0560      0.0602      0.0581      1.0744      0.9307      0.0144
    29(H )      0.0672      0.0644      0.0658      0.9586      1.0431     -0.0096
    30(H )      0.0618      0.0771      0.0695      1.2473      0.8018      0.0527
    31(H )      0.0569      0.0752      0.0661      1.3222      0.7563      0.0632
 
 E(N):    -1022.015383 Hartree
 E(N+1):    -1022.161348 Hartree
 E(N-1):    -1021.579235 Hartree
 E_HOMO(N):     -0.364084 Hartree,   -9.9072 eV
 E_HOMO(N+1):   -0.117126 Hartree,   -3.1872 eV
 E_HOMO(N-1):   -0.589182 Hartree,  -16.0325 eV
 First vertical IP:     0.436148 Hartree,   11.8682 eV
 First vertical EA:     0.145964 Hartree,    3.9719 eV
 Mulliken electronegativity:     0.291056 Hartree,    7.9200 eV
 Chemical potential:            -0.291056 Hartree,   -7.9200 eV
 Hardness (=fundamental gap):    0.290184 Hartree,    7.8963 eV
 Softness:      3.446091 Hartree^-1,    0.1266 eV^-1
 Softness^2:   11.875546 Hartree^-2,    0.0160 eV^-2
 Electrophilicity index:    0.145966 Hartree,    3.9719 eV
 Nucleophilicity index:    -0.028886 Hartree,   -0.7860 eV
