 Note: the E(HOMO) of TCE used for evaluating nucleophilicity index is the value evaluated at B3LYP/6-31G* level
 
 Hirshfeld charges, condensed Fukui functions and condensed dual descriptors
 Units used below are "e" (elementary charge)
     Atom     q(N)    q(N+1)   q(N-1)     f-       f+       f0      CDD
     1(Pt)   0.2182  -0.0184   0.4606   0.2423   0.2367   0.2395  -0.0057
     2(N )  -0.0727  -0.0943  -0.0622   0.0105   0.0216   0.0161   0.0111
     3(Cl)  -0.2989  -0.5215   0.0309   0.3297   0.2226   0.2762  -0.1071
     4(C )  -0.0429  -0.0481  -0.0355   0.0073   0.0052   0.0063  -0.0021
     5(C )   0.0108  -0.0000   0.0223   0.0116   0.0108   0.0112  -0.0008
     6(N )  -0.0495  -0.1052  -0.0300   0.0195   0.0557   0.0376   0.0362
     7(H )   0.0592   0.0346   0.0823   0.0231   0.0246   0.0239   0.0015
     8(N )  -0.0699  -0.0918  -0.0583   0.0116   0.0219   0.0168   0.0103
     9(C )   0.0199   0.0067   0.0303   0.0104   0.0133   0.0118   0.0029
    10(H )   0.0453   0.0308   0.0585   0.0133   0.0144   0.0139   0.0012
    11(H )   0.0532   0.0197   0.0774   0.0242   0.0335   0.0288   0.0093
    12(H )   0.0618   0.0300   0.0741   0.0123   0.0318   0.0220   0.0195
    13(H )   0.0520   0.0365   0.0734   0.0214   0.0155   0.0184  -0.0059
    14(H )   0.0396   0.0308   0.0475   0.0079   0.0088   0.0083   0.0010
    15(C )   0.0095  -0.0011   0.0206   0.0111   0.0106   0.0108  -0.0005
    16(H )   0.0462   0.0180   0.0712   0.0250   0.0282   0.0266   0.0032
    17(H )   0.0492   0.0331   0.0626   0.0134   0.0160   0.0147   0.0026
    18(C )  -0.0456  -0.0525  -0.0369   0.0087   0.0068   0.0078  -0.0018
    19(H )   0.0284   0.0200   0.0275  -0.0009   0.0084   0.0038   0.0093
    20(H )   0.0561   0.0312   0.0796   0.0234   0.0249   0.0242   0.0014
    21(C )  -0.0398  -0.0458  -0.0332   0.0067   0.0060   0.0063  -0.0007
    22(H )   0.0482   0.0301   0.0633   0.0150   0.0182   0.0166   0.0031
    23(H )   0.0484   0.0311   0.0687   0.0203   0.0173   0.0188  -0.0031
    24(C )   0.0146   0.0038   0.0253   0.0107   0.0108   0.0107   0.0002
    25(H )   0.0575   0.0326   0.0799   0.0225   0.0249   0.0237   0.0024
    26(H )   0.0383   0.0291   0.0490   0.0107   0.0092   0.0099  -0.0015
    27(H )   0.1380   0.1130   0.1543   0.0163   0.0249   0.0206   0.0087
    28(H )   0.1382   0.1186   0.1554   0.0172   0.0196   0.0184   0.0024
    29(H )   0.1362   0.1214   0.1533   0.0171   0.0148   0.0159  -0.0023
    30(H )   0.1347   0.1162   0.1559   0.0213   0.0185   0.0199  -0.0028
    31(H )   0.1156   0.0911   0.1319   0.0163   0.0246   0.0204   0.0083
 
 Condensed local electrophilicity/nucleophilicity index (e*eV)
     Atom              Electrophilicity          Nucleophilicity
     1(Pt)                  0.94297                 -0.18261
     2(N )                  0.08613                 -0.00793
     3(Cl)                  0.88701                 -0.24847
     4(C )                  0.02080                 -0.00552
     5(C )                  0.04302                 -0.00872
     6(N )                  0.22194                 -0.01468
     7(H )                  0.09812                 -0.01741
     8(N )                  0.08727                 -0.00875
     9(C )                  0.05292                 -0.00782
    10(H )                  0.05755                 -0.01000
    11(H )                  0.13339                 -0.01821
    12(H )                  0.12655                 -0.00924
    13(H )                  0.06176                 -0.01612
    14(H )                  0.03516                 -0.00593
    15(C )                  0.04205                 -0.00836
    16(H )                  0.11238                 -0.01886
    17(H )                  0.06390                 -0.01011
    18(C )                  0.02722                 -0.00654
    19(H )                  0.03350                  0.00066
    20(H )                  0.09920                 -0.01767
    21(C )                  0.02379                 -0.00503
    22(H )                  0.07241                 -0.01133
    23(H )                  0.06888                 -0.01533
    24(C )                  0.04317                 -0.00803
    25(H )                  0.09928                 -0.01694
    26(H )                  0.03667                 -0.00803
    27(H )                  0.09939                 -0.01228
    28(H )                  0.07801                 -0.01294
    29(H )                  0.05884                 -0.01290
    30(H )                  0.07359                 -0.01602
    31(H )                  0.09789                 -0.01226
 
 Condensed local softness (e/Hartree), relative electrophilicity/nucleophilicity (dimensionless) and condensed local hyper-softness (e/Hartree^2)
     Atom         s-          s+          s0        s+/s-       s-/s+       s(2)
     1(Pt)      0.8380      0.8183      0.8282      0.9766      1.0240     -0.0679
     2(N )      0.0364      0.0747      0.0556      2.0532      0.4870      0.1326
     3(Cl)      1.1402      0.7698      0.9550      0.6751      1.4812     -1.2809
     4(C )      0.0253      0.0181      0.0217      0.7124      1.4037     -0.0252
     5(C )      0.0400      0.0373      0.0387      0.9328      1.0721     -0.0093
     6(N )      0.0674      0.1926      0.1300      2.8586      0.3498      0.4330
     7(H )      0.0799      0.0852      0.0825      1.0659      0.9382      0.0182
     8(N )      0.0401      0.0757      0.0579      1.8870      0.5299      0.1231
     9(C )      0.0359      0.0459      0.0409      1.2797      0.7814      0.0347
    10(H )      0.0459      0.0499      0.0479      1.0884      0.9187      0.0140
    11(H )      0.0836      0.1158      0.0997      1.3854      0.7218      0.1114
    12(H )      0.0424      0.1098      0.0761      2.5899      0.3861      0.2331
    13(H )      0.0740      0.0536      0.0638      0.7243      1.3806     -0.0705
    14(H )      0.0272      0.0305      0.0289      1.1216      0.8915      0.0114
    15(C )      0.0384      0.0365      0.0374      0.9509      1.0517     -0.0065
    16(H )      0.0866      0.0975      0.0920      1.1266      0.8876      0.0379
    17(H )      0.0464      0.0555      0.0509      1.1948      0.8369      0.0313
    18(C )      0.0300      0.0236      0.0268      0.7873      1.2702     -0.0221
    19(H )     -0.0030      0.0291      0.0130     -9.5366     -0.1049      0.1111
    20(H )      0.0811      0.0861      0.0836      1.0618      0.9418      0.0173
    21(C )      0.0231      0.0206      0.0219      0.8937      1.1189     -0.0085
    22(H )      0.0520      0.0628      0.0574      1.2089      0.8272      0.0376
    23(H )      0.0704      0.0598      0.0651      0.8495      1.1771     -0.0366
    24(C )      0.0368      0.0375      0.0371      1.0171      0.9832      0.0022
    25(H )      0.0777      0.0862      0.0819      1.1084      0.9022      0.0291
    26(H )      0.0368      0.0318      0.0343      0.8635      1.1580     -0.0174
    27(H )      0.0563      0.0863      0.0713      1.5310      0.6532      0.1035
    28(H )      0.0594      0.0677      0.0635      1.1402      0.8771      0.0288
    29(H )      0.0592      0.0511      0.0551      0.8628      1.1590     -0.0281
    30(H )      0.0735      0.0639      0.0687      0.8686      1.1513     -0.0334
    31(H )      0.0563      0.0850      0.0706      1.5096      0.6624      0.0992
 
 E(N):    -1022.010251 Hartree
 E(N+1):    -1022.156677 Hartree
 E(N-1):    -1021.574637 Hartree
 E_HOMO(N):     -0.362891 Hartree,   -9.8748 eV
 E_HOMO(N+1):   -0.122649 Hartree,   -3.3374 eV
 E_HOMO(N-1):   -0.587696 Hartree,  -15.9920 eV
 First vertical IP:     0.435613 Hartree,   11.8536 eV
 First vertical EA:     0.146426 Hartree,    3.9845 eV
 Mulliken electronegativity:     0.291020 Hartree,    7.9190 eV
 Chemical potential:            -0.291020 Hartree,   -7.9190 eV
 Hardness (=fundamental gap):    0.289187 Hartree,    7.8692 eV
 Softness:      3.457973 Hartree^-1,    0.1271 eV^-1
 Softness^2:   11.957575 Hartree^-2,    0.0161 eV^-2
 Electrophilicity index:    0.146432 Hartree,    3.9846 eV
 Nucleophilicity index:    -0.027693 Hartree,   -0.7536 eV
