 Note: the E(HOMO) of TCE used for evaluating nucleophilicity index is the value evaluated at B3LYP/6-31G* level
 
 Hirshfeld charges, condensed Fukui functions and condensed dual descriptors
 Units used below are "e" (elementary charge)
     Atom     q(N)    q(N+1)   q(N-1)     f-       f+       f0      CDD
     1(Pt)   0.6012   0.4305   0.6769   0.0757   0.1707   0.1232   0.0950
     2(N )  -0.0560  -0.0757  -0.0444   0.0116   0.0197   0.0156   0.0081
     3(N )  -0.0560  -0.0786  -0.0444   0.0116   0.0226   0.0171   0.0110
     4(N )  -0.0709  -0.0906  -0.0475   0.0234   0.0198   0.0216  -0.0036
     5(N )  -0.0709  -0.1372  -0.0475   0.0234   0.0663   0.0449   0.0429
     6(C )   0.0231   0.0128   0.0361   0.0130   0.0103   0.0116  -0.0027
     7(H )   0.0501   0.0415   0.0605   0.0103   0.0087   0.0095  -0.0017
     8(H )   0.0761   0.0522   0.1002   0.0241   0.0240   0.0240  -0.0001
     9(C )  -0.0313  -0.0377  -0.0240   0.0073   0.0064   0.0069  -0.0009
    10(H )   0.0593   0.0480   0.0709   0.0116   0.0113   0.0114  -0.0003
    11(H )   0.0807   0.0581   0.1021   0.0214   0.0226   0.0220   0.0012
    12(C )   0.0265   0.0148   0.0384   0.0119   0.0117   0.0118  -0.0002
    13(H )   0.0528   0.0426   0.0648   0.0120   0.0102   0.0111  -0.0018
    14(H )   0.0799   0.0547   0.1030   0.0232   0.0252   0.0242   0.0020
    15(C )   0.0265   0.0150   0.0384   0.0119   0.0115   0.0117  -0.0004
    16(H )   0.0799   0.0523   0.1030   0.0232   0.0275   0.0254   0.0044
    17(H )   0.0528   0.0394   0.0648   0.0120   0.0134   0.0127   0.0014
    18(C )  -0.0313  -0.0388  -0.0240   0.0073   0.0075   0.0074   0.0002
    19(H )   0.0593   0.0448   0.0709   0.0116   0.0145   0.0130   0.0029
    20(H )   0.0807   0.0554   0.1021   0.0214   0.0254   0.0234   0.0040
    21(C )   0.0231   0.0057   0.0361   0.0130   0.0174   0.0152   0.0044
    22(H )   0.0761   0.0429   0.1002   0.0241   0.0332   0.0286   0.0091
    23(H )   0.0501   0.0355   0.0605   0.0103   0.0146   0.0125   0.0043
    24(O )  -0.3265  -0.4036  -0.1652   0.1613   0.0771   0.1192  -0.0841
    25(O )  -0.3265  -0.3760  -0.1652   0.1613   0.0495   0.1054  -0.1118
    26(H )   0.1449   0.1128   0.1639   0.0190   0.0321   0.0255   0.0132
    27(H )   0.1536   0.1343   0.1696   0.0160   0.0193   0.0177   0.0034
    28(H )   0.1434   0.1086   0.1624   0.0190   0.0348   0.0269   0.0158
    29(H )   0.1428   0.1270   0.1572   0.0144   0.0158   0.0151   0.0015
    30(H )   0.1434   0.1111   0.1624   0.0190   0.0323   0.0256   0.0133
    31(H )   0.1428   0.1169   0.1572   0.0144   0.0260   0.0202   0.0116
    32(H )   0.1536   0.1367   0.1696   0.0160   0.0169   0.0164   0.0009
    33(H )   0.1449   0.1240   0.1639   0.0190   0.0210   0.0200   0.0020
    34(H )   0.1506   0.1177   0.2131   0.0625   0.0329   0.0477  -0.0296
    35(H )   0.1506   0.1024   0.2131   0.0625   0.0482   0.0553  -0.0143
 
 Condensed local electrophilicity/nucleophilicity index (e*eV)
     Atom              Electrophilicity          Nucleophilicity
     1(Pt)                  1.73605                 -0.42620
     2(N )                  0.20020                 -0.06528
     3(N )                  0.23013                 -0.06528
     4(N )                  0.20096                 -0.13168
     5(N )                  0.67451                 -0.13168
     6(C )                  0.10467                 -0.07318
     7(H )                  0.08814                 -0.05807
     8(H )                  0.24372                 -0.13557
     9(C )                  0.06501                 -0.04127
    10(H )                  0.11455                 -0.06510
    11(H )                  0.23011                 -0.12046
    12(C )                  0.11899                 -0.06698
    13(H )                  0.10384                 -0.06762
    14(H )                  0.25635                 -0.13041
    15(C )                  0.11692                 -0.06698
    16(H )                  0.28008                 -0.13042
    17(H )                  0.13618                 -0.06763
    18(C )                  0.07660                 -0.04127
    19(H )                  0.14719                 -0.06510
    20(H )                  0.25811                 -0.12046
    21(C )                  0.17698                 -0.07318
    22(H )                  0.33746                 -0.13557
    23(H )                  0.14847                 -0.05807
    24(O )                  0.78425                 -0.90758
    25(O )                  0.50341                 -0.90759
    26(H )                  0.32668                 -0.10673
    27(H )                  0.19667                 -0.08989
    28(H )                  0.35376                 -0.10671
    29(H )                  0.16108                 -0.08088
    30(H )                  0.32848                 -0.10671
    31(H )                  0.26393                 -0.08088
    32(H )                  0.17203                 -0.08989
    33(H )                  0.21320                 -0.10673
    34(H )                  0.33432                 -0.35178
    35(H )                  0.49000                 -0.35178
 
 Condensed local softness (e/Hartree), relative electrophilicity/nucleophilicity (dimensionless) and condensed local hyper-softness (e/Hartree^2)
     Atom         s-          s+          s0        s+/s-       s-/s+       s(2)
     1(Pt)      0.2647      0.5966      0.4306      2.2542      0.4436      1.1602
     2(N )      0.0405      0.0688      0.0547      1.6972      0.5892      0.0988
     3(N )      0.0405      0.0791      0.0598      1.9509      0.5126      0.1347
     4(N )      0.0818      0.0691      0.0754      0.8445      1.1841     -0.0444
     5(N )      0.0818      0.2318      0.1568      2.8347      0.3528      0.5244
     6(C )      0.0454      0.0360      0.0407      0.7916      1.2632     -0.0331
     7(H )      0.0361      0.0303      0.0332      0.8399      1.1906     -0.0202
     8(H )      0.0842      0.0838      0.0840      0.9949      1.0051     -0.0015
     9(C )      0.0256      0.0223      0.0240      0.8718      1.1471     -0.0115
    10(H )      0.0404      0.0394      0.0399      0.9738      1.0269     -0.0037
    11(H )      0.0748      0.0791      0.0769      1.0572      0.9459      0.0150
    12(C )      0.0416      0.0409      0.0412      0.9831      1.0172     -0.0025
    13(H )      0.0420      0.0357      0.0388      0.8498      1.1768     -0.0220
    14(H )      0.0810      0.0881      0.0845      1.0878      0.9193      0.0249
    15(C )      0.0416      0.0402      0.0409      0.9660      1.0352     -0.0049
    16(H )      0.0810      0.0963      0.0886      1.1885      0.8414      0.0534
    17(H )      0.0420      0.0468      0.0444      1.1144      0.8973      0.0168
    18(C )      0.0256      0.0263      0.0260      1.0272      0.9736      0.0024
    19(H )      0.0404      0.0506      0.0455      1.2513      0.7992      0.0355
    20(H )      0.0748      0.0887      0.0818      1.1858      0.8433      0.0486
    21(C )      0.0454      0.0608      0.0531      1.3385      0.7471      0.0538
    22(H )      0.0842      0.1160      0.1001      1.3776      0.7259      0.1111
    23(H )      0.0361      0.0510      0.0435      1.4148      0.7068      0.0523
    24(O )      0.5636      0.2695      0.4166      0.4782      2.0911     -1.0278
    25(O )      0.5636      0.1730      0.3683      0.3070      3.2577     -1.3651
    26(H )      0.0663      0.1123      0.0893      1.6940      0.5903      0.1607
    27(H )      0.0558      0.0676      0.0617      1.2109      0.8259      0.0411
    28(H )      0.0663      0.1216      0.0939      1.8346      0.5451      0.1933
    29(H )      0.0502      0.0554      0.0528      1.1022      0.9073      0.0179
    30(H )      0.0663      0.1129      0.0896      1.7035      0.5870      0.1629
    31(H )      0.0502      0.0907      0.0705      1.8059      0.5537      0.1415
    32(H )      0.0558      0.0591      0.0575      1.0592      0.9441      0.0115
    33(H )      0.0663      0.0733      0.0698      1.1055      0.9045      0.0244
    34(H )      0.2185      0.1149      0.1667      0.5259      1.9013     -0.3619
    35(H )      0.2185      0.1684      0.1934      0.7709      1.2972     -0.1749
 
 E(N):     -730.316916 Hartree
 E(N+1):     -730.636310 Hartree
 E(N-1):     -729.711395 Hartree
 E_HOMO(N):     -0.542025 Hartree,  -14.7493 eV
 E_HOMO(N+1):   -0.294520 Hartree,   -8.0143 eV
 E_HOMO(N-1):   -0.725552 Hartree,  -19.7433 eV
 First vertical IP:     0.605521 Hartree,   16.4771 eV
 First vertical EA:     0.319394 Hartree,    8.6912 eV
 Mulliken electronegativity:     0.462457 Hartree,   12.5841 eV
 Chemical potential:            -0.462457 Hartree,  -12.5841 eV
 Hardness (=fundamental gap):    0.286127 Hartree,    7.7859 eV
 Softness:      3.494956 Hartree^-1,    0.1284 eV^-1
 Softness^2:   12.214718 Hartree^-2,    0.0165 eV^-2
 Electrophilicity index:    0.373728 Hartree,   10.1696 eV
 Nucleophilicity index:    -0.206827 Hartree,   -5.6281 eV
