 Note: the E(HOMO) of TCE used for evaluating nucleophilicity index is the value evaluated at B3LYP/6-31G* level
 
 Hirshfeld charges, condensed Fukui functions and condensed dual descriptors
 Units used below are "e" (elementary charge)
     Atom     q(N)    q(N+1)   q(N-1)     f-       f+       f0      CDD
     1(Pt)   0.2746   0.0268   0.5690   0.2944   0.2478   0.2711  -0.0465
     2(N )  -0.0702  -0.0932  -0.0563   0.0139   0.0230   0.0185   0.0091
     3(N )  -0.0696  -0.1309  -0.0181   0.0514   0.0613   0.0564   0.0099
     4(N )  -0.0696  -0.1309  -0.0181   0.0514   0.0614   0.0564   0.0099
     5(N )  -0.0702  -0.0932  -0.0563   0.0139   0.0230   0.0184   0.0090
     6(C )   0.0269   0.0076   0.0477   0.0209   0.0193   0.0201  -0.0015
     7(H )   0.0750   0.0428   0.1102   0.0352   0.0322   0.0337  -0.0031
     8(H )   0.0595   0.0396   0.0807   0.0212   0.0199   0.0206  -0.0013
     9(C )  -0.0356  -0.0463  -0.0233   0.0123   0.0108   0.0115  -0.0015
    10(H )   0.0772   0.0496   0.1033   0.0262   0.0276   0.0269   0.0014
    11(H )   0.0467   0.0322   0.0552   0.0085   0.0145   0.0115   0.0060
    12(C )   0.0269   0.0119   0.0416   0.0147   0.0151   0.0149   0.0004
    13(H )   0.0662   0.0479   0.0829   0.0167   0.0183   0.0175   0.0016
    14(H )   0.0675   0.0414   0.0923   0.0248   0.0261   0.0254   0.0013
    15(C )   0.0269   0.0076   0.0477   0.0209   0.0193   0.0201  -0.0015
    16(H )   0.0750   0.0428   0.1102   0.0352   0.0322   0.0337  -0.0031
    17(H )   0.0595   0.0396   0.0807   0.0212   0.0199   0.0206  -0.0013
    18(C )  -0.0356  -0.0463  -0.0233   0.0123   0.0108   0.0115  -0.0015
    19(H )   0.0467   0.0322   0.0552   0.0085   0.0145   0.0115   0.0060
    20(H )   0.0772   0.0496   0.1033   0.0262   0.0276   0.0269   0.0014
    21(C )   0.0269   0.0119   0.0416   0.0147   0.0151   0.0149   0.0004
    22(H )   0.0662   0.0479   0.0829   0.0167   0.0183   0.0175   0.0016
    23(H )   0.0675   0.0414   0.0923   0.0248   0.0261   0.0254   0.0013
    24(H )   0.1452   0.1218   0.1673   0.0221   0.0234   0.0227   0.0013
    25(H )   0.1494   0.1299   0.1717   0.0224   0.0195   0.0209  -0.0029
    26(H )   0.1515   0.1179   0.1845   0.0330   0.0336   0.0333   0.0006
    27(H )   0.1460   0.1144   0.1758   0.0298   0.0316   0.0307   0.0018
    28(H )   0.1494   0.1299   0.1717   0.0224   0.0195   0.0209  -0.0029
    29(H )   0.1452   0.1218   0.1673   0.0221   0.0234   0.0227   0.0013
    30(H )   0.1515   0.1179   0.1845   0.0330   0.0336   0.0333   0.0006
    31(H )   0.1460   0.1144   0.1758   0.0298   0.0316   0.0307   0.0018
 
 Condensed local electrophilicity/nucleophilicity index (e*eV)
     Atom              Electrophilicity          Nucleophilicity
     1(Pt)                  2.12233                 -1.61851
     2(N )                  0.19676                 -0.07656
     3(N )                  0.52533                 -0.28269
     4(N )                  0.52547                 -0.28269
     5(N )                  0.19674                 -0.07657
     6(C )                  0.16533                 -0.11466
     7(H )                  0.27538                 -0.19372
     8(H )                  0.17064                 -0.11661
     9(C )                  0.09218                 -0.06754
    10(H )                  0.23610                 -0.14393
    11(H )                  0.12457                 -0.04677
    12(C )                  0.12891                 -0.08063
    13(H )                  0.15689                 -0.09176
    14(H )                  0.22361                 -0.13618
    15(C )                  0.16531                 -0.11466
    16(H )                  0.27537                 -0.19372
    17(H )                  0.17062                 -0.11661
    18(C )                  0.09217                 -0.06754
    19(H )                  0.12454                 -0.04678
    20(H )                  0.23609                 -0.14393
    21(C )                  0.12889                 -0.08063
    22(H )                  0.15686                 -0.09176
    23(H )                  0.22359                 -0.13618
    24(H )                  0.20024                 -0.12149
    25(H )                  0.16671                 -0.12294
    26(H )                  0.28746                 -0.18144
    27(H )                  0.27086                 -0.16385
    28(H )                  0.16668                 -0.12295
    29(H )                  0.20024                 -0.12149
    30(H )                  0.28744                 -0.18144
    31(H )                  0.27082                 -0.16385
 
 Condensed local softness (e/Hartree), relative electrophilicity/nucleophilicity (dimensionless) and condensed local hyper-softness (e/Hartree^2)
     Atom         s-          s+          s0        s+/s-       s-/s+       s(2)
     1(Pt)      0.8832      0.7436      0.8134      0.8419      1.1877     -0.4189
     2(N )      0.0418      0.0689      0.0554      1.6501      0.6060      0.0815
     3(N )      0.1543      0.1841      0.1692      1.1931      0.8381      0.0894
     4(N )      0.1543      0.1841      0.1692      1.1935      0.8379      0.0896
     5(N )      0.0418      0.0689      0.0554      1.6497      0.6062      0.0815
     6(C )      0.0626      0.0579      0.0602      0.9258      1.0801     -0.0139
     7(H )      0.1057      0.0965      0.1011      0.9127      1.0956     -0.0277
     8(H )      0.0636      0.0598      0.0617      0.9396      1.0643     -0.0115
     9(C )      0.0369      0.0323      0.0346      0.8763      1.1411     -0.0137
    10(H )      0.0785      0.0827      0.0806      1.0532      0.9495      0.0125
    11(H )      0.0255      0.0436      0.0346      1.7100      0.5848      0.0544
    12(C )      0.0440      0.0452      0.0446      1.0265      0.9742      0.0035
    13(H )      0.0501      0.0550      0.0525      1.0977      0.9110      0.0147
    14(H )      0.0743      0.0783      0.0763      1.0543      0.9485      0.0121
    15(C )      0.0626      0.0579      0.0602      0.9257      1.0803     -0.0140
    16(H )      0.1057      0.0965      0.1011      0.9127      1.0957     -0.0277
    17(H )      0.0636      0.0598      0.0617      0.9395      1.0644     -0.0116
    18(C )      0.0369      0.0323      0.0346      0.8763      1.1412     -0.0137
    19(H )      0.0255      0.0436      0.0346      1.7095      0.5850      0.0543
    20(H )      0.0785      0.0827      0.0806      1.0532      0.9495      0.0125
    21(C )      0.0440      0.0452      0.0446      1.0264      0.9743      0.0035
    22(H )      0.0501      0.0550      0.0525      1.0976      0.9111      0.0147
    23(H )      0.0743      0.0783      0.0763      1.0542      0.9486      0.0121
    24(H )      0.0663      0.0702      0.0682      1.0583      0.9450      0.0116
    25(H )      0.0671      0.0584      0.0627      0.8707      1.1485     -0.0260
    26(H )      0.0990      0.1007      0.0999      1.0172      0.9830      0.0051
    27(H )      0.0894      0.0949      0.0922      1.0614      0.9421      0.0165
    28(H )      0.0671      0.0584      0.0627      0.8704      1.1488     -0.0261
    29(H )      0.0663      0.0702      0.0682      1.0582      0.9450      0.0116
    30(H )      0.0990      0.1007      0.0999      1.0172      0.9831      0.0051
    31(H )      0.0894      0.0949      0.0921      1.0613      0.9423      0.0164
 
 E(N):     -578.678608 Hartree
 E(N+1):     -578.969978 Hartree
 E(N-1):     -578.053960 Hartree
 E_HOMO(N):     -0.537263 Hartree,  -14.6197 eV
 E_HOMO(N+1):   -0.268550 Hartree,   -7.3076 eV
 E_HOMO(N-1):   -0.747894 Hartree,  -20.3512 eV
 First vertical IP:     0.624648 Hartree,   16.9975 eV
 First vertical EA:     0.291370 Hartree,    7.9286 eV
 Mulliken electronegativity:     0.458009 Hartree,   12.4631 eV
 Chemical potential:            -0.458009 Hartree,  -12.4631 eV
 Hardness (=fundamental gap):    0.333278 Hartree,    9.0690 eV
 Softness:      3.000494 Hartree^-1,    0.1103 eV^-1
 Softness^2:    9.002967 Hartree^-2,    0.0122 eV^-2
 Electrophilicity index:    0.314710 Hartree,    8.5637 eV
 Nucleophilicity index:    -0.202065 Hartree,   -5.4985 eV
