 Note: the E(HOMO) of TCE used for evaluating nucleophilicity index is the value evaluated at B3LYP/6-31G* level
 
 Hirshfeld charges, condensed Fukui functions and condensed dual descriptors
 Units used below are "e" (elementary charge)
     Atom     q(N)    q(N+1)   q(N-1)     f-       f+       f0      CDD
     1(Pt)   0.2243   0.1607   0.2926   0.0682   0.0636   0.0659  -0.0046
     2(N )  -0.0817  -0.0923  -0.0663   0.0154   0.0106   0.0130  -0.0048
     3(N )  -0.0813  -0.0918  -0.0666   0.0146   0.0106   0.0126  -0.0040
     4(C )   0.0103  -0.0130   0.0193   0.0090   0.0233   0.0161   0.0142
     5(H )   0.0419  -0.0091   0.0598   0.0180   0.0509   0.0345   0.0330
     6(H )   0.0478   0.0087   0.0568   0.0090   0.0390   0.0240   0.0300
     7(C )  -0.0432  -0.0654  -0.0374   0.0058   0.0222   0.0140   0.0164
     8(H )   0.0353  -0.0315   0.0438   0.0085   0.0668   0.0376   0.0583
     9(H )   0.0488   0.0130   0.0661   0.0174   0.0358   0.0266   0.0184
    10(C )   0.0104  -0.0128   0.0193   0.0089   0.0232   0.0160   0.0142
    11(H )   0.0419  -0.0090   0.0597   0.0178   0.0509   0.0344   0.0330
    12(H )   0.0478   0.0090   0.0568   0.0089   0.0388   0.0239   0.0298
    13(H )   0.1274   0.0055   0.1409   0.0135   0.1219   0.0677   0.1084
    14(H )   0.1342   0.0787   0.1476   0.0134   0.0555   0.0344   0.0421
    15(H )   0.1343   0.0783   0.1476   0.0134   0.0560   0.0347   0.0426
    16(H )   0.1273   0.0059   0.1409   0.0136   0.1213   0.0675   0.1078
    17(O )  -0.2834  -0.2885  -0.2265   0.0569   0.0050   0.0310  -0.0519
    18(C )   0.1712   0.1623   0.2195   0.0483   0.0089   0.0286  -0.0394
    19(O )  -0.2818  -0.2868  -0.2292   0.0526   0.0051   0.0288  -0.0475
    20(C )   0.1750   0.1663   0.2186   0.0436   0.0087   0.0262  -0.0349
    21(C )  -0.0076  -0.0095   0.0252   0.0328   0.0019   0.0174  -0.0309
    22(O )  -0.2872  -0.3179  -0.1183   0.1689   0.0307   0.0998  -0.1382
    23(O )  -0.2901  -0.3213  -0.1216   0.1684   0.0312   0.0998  -0.1372
    24(C )  -0.0545  -0.0595  -0.0389   0.0156   0.0051   0.0103  -0.0105
    25(H )   0.0124  -0.0051   0.0333   0.0209   0.0175   0.0192  -0.0034
    26(H )   0.0246   0.0101   0.0510   0.0264   0.0146   0.0205  -0.0118
    27(C )  -0.0554  -0.0628  -0.0414   0.0140   0.0074   0.0107  -0.0067
    28(H )   0.0274   0.0187   0.0465   0.0191   0.0086   0.0139  -0.0105
    29(H )   0.0272   0.0178   0.0464   0.0192   0.0094   0.0143  -0.0099
    30(C )  -0.0528  -0.0596  -0.0358   0.0170   0.0067   0.0119  -0.0103
    31(H )   0.0218   0.0105   0.0473   0.0255   0.0112   0.0184  -0.0143
    32(H )   0.0278   0.0197   0.0429   0.0151   0.0081   0.0116  -0.0070
 
 Condensed local electrophilicity/nucleophilicity index (e*eV)
     Atom              Electrophilicity          Nucleophilicity
     1(Pt)                  0.06486                  0.22003
     2(N )                  0.01084                  0.04969
     3(N )                  0.01080                  0.04711
     4(C )                  0.02372                  0.02913
     5(H )                  0.05194                  0.05794
     6(H )                  0.03979                  0.02904
     7(C )                  0.02262                  0.01856
     8(H )                  0.06809                  0.02730
     9(H )                  0.03649                  0.05607
    10(C )                  0.02360                  0.02881
    11(H )                  0.05187                  0.05757
    12(H )                  0.03954                  0.02886
    13(H )                  0.12422                  0.04350
    14(H )                  0.05654                  0.04308
    15(H )                  0.05704                  0.04310
    16(H )                  0.12370                  0.04384
    17(O )                  0.00515                  0.18357
    18(C )                  0.00910                  0.15578
    19(O )                  0.00519                  0.16954
    20(C )                  0.00889                  0.14070
    21(C )                  0.00192                  0.10586
    22(O )                  0.03128                  0.54478
    23(O )                  0.03184                  0.54331
    24(C )                  0.00516                  0.05035
    25(H )                  0.01784                  0.06730
    26(H )                  0.01487                  0.08504
    27(C )                  0.00750                  0.04527
    28(H )                  0.00879                  0.06176
    29(H )                  0.00957                  0.06206
    30(C )                  0.00684                  0.05485
    31(H )                  0.01146                  0.08226
    32(H )                  0.00824                  0.04876
 
 Condensed local softness (e/Hartree), relative electrophilicity/nucleophilicity (dimensionless) and condensed local hyper-softness (e/Hartree^2)
     Atom         s-          s+          s0        s+/s-       s-/s+       s(2)
     1(Pt)      0.2560      0.2388      0.2474      0.9326      1.0722     -0.0647
     2(N )      0.0578      0.0399      0.0489      0.6900      1.4492     -0.0673
     3(N )      0.0548      0.0397      0.0473      0.7251      1.3792     -0.0566
     4(C )      0.0339      0.0873      0.0606      2.5757      0.3882      0.2004
     5(H )      0.0674      0.1912      0.1293      2.8359      0.3526      0.4645
     6(H )      0.0338      0.1465      0.0901      4.3358      0.2306      0.4229
     7(C )      0.0216      0.0833      0.0524      3.8557      0.2594      0.2314
     8(H )      0.0318      0.2507      0.1412      7.8924      0.1267      0.8215
     9(H )      0.0652      0.1343      0.0998      2.0590      0.4857      0.2593
    10(C )      0.0335      0.0869      0.0602      2.5920      0.3858      0.2003
    11(H )      0.0670      0.1910      0.1290      2.8507      0.3508      0.4652
    12(H )      0.0336      0.1455      0.0896      4.3351      0.2307      0.4202
    13(H )      0.0506      0.4573      0.2540      9.0354      0.1107      1.5262
    14(H )      0.0501      0.2081      0.1291      4.1518      0.2409      0.5929
    15(H )      0.0501      0.2100      0.1301      4.1879      0.2388      0.5999
    16(H )      0.0510      0.4554      0.2532      8.9273      0.1120      1.5176
    17(O )      0.2136      0.0189      0.1163      0.0887     11.2754     -0.7305
    18(C )      0.1813      0.0335      0.1074      0.1848      5.4115     -0.5545
    19(O )      0.1973      0.0191      0.1082      0.0969     10.3164     -0.6685
    20(C )      0.1637      0.0327      0.0982      0.2000      4.9994     -0.4915
    21(C )      0.1232      0.0071      0.0651      0.0574     17.4255     -0.4357
    22(O )      0.6339      0.1151      0.3745      0.1816      5.5054     -1.9467
    23(O )      0.6321      0.1172      0.3747      0.1854      5.3929     -1.9325
    24(C )      0.0586      0.0190      0.0388      0.3245      3.0820     -0.1485
    25(H )      0.0783      0.0657      0.0720      0.8388      1.1922     -0.0474
    26(H )      0.0989      0.0547      0.0768      0.5532      1.8077     -0.1659
    27(C )      0.0527      0.0276      0.0401      0.5244      1.9069     -0.0940
    28(H )      0.0719      0.0324      0.0521      0.4505      2.2199     -0.1482
    29(H )      0.0722      0.0352      0.0537      0.4878      2.0500     -0.1388
    30(C )      0.0638      0.0252      0.0445      0.3948      2.5331     -0.1450
    31(H )      0.0957      0.0422      0.0690      0.4408      2.2687     -0.2009
    32(H )      0.0567      0.0303      0.0435      0.5344      1.8711     -0.0991
 
 E(N):     -882.532405 Hartree
 E(N+1):     -882.540473 Hartree
 E(N-1):     -882.257875 Hartree
 E_HOMO(N):     -0.216663 Hartree,   -5.8957 eV
 E_HOMO(N+1):    0.028399 Hartree,    0.7728 eV
 E_HOMO(N-1):   -0.391828 Hartree,  -10.6622 eV
 First vertical IP:     0.274530 Hartree,    7.4704 eV
 First vertical EA:     0.008067 Hartree,    0.2195 eV
 Mulliken electronegativity:     0.141299 Hartree,    3.8449 eV
 Chemical potential:            -0.141299 Hartree,   -3.8449 eV
 Hardness (=fundamental gap):    0.266463 Hartree,    7.2508 eV
 Softness:      3.752867 Hartree^-1,    0.1379 eV^-1
 Softness^2:   14.084014 Hartree^-2,    0.0190 eV^-2
 Electrophilicity index:    0.037464 Hartree,    1.0194 eV
 Nucleophilicity index:     0.118535 Hartree,    3.2255 eV
