 Note: the E(HOMO) of TCE used for evaluating nucleophilicity index is the value evaluated at B3LYP/6-31G* level
 
 Hirshfeld charges, condensed Fukui functions and condensed dual descriptors
 Units used below are "e" (elementary charge)
     Atom     q(N)    q(N+1)   q(N-1)     f-       f+       f0      CDD
     1(Pt)   0.2119  -0.0227   0.4616   0.2497   0.2346   0.2421  -0.0151
     2(N )  -0.0755  -0.1011  -0.0633   0.0122   0.0255   0.0189   0.0133
     3(Cl)  -0.2842  -0.5169   0.0438   0.3280   0.2327   0.2803  -0.0953
     4(C )  -0.0388  -0.0449  -0.0322   0.0066   0.0061   0.0064  -0.0005
     5(C )   0.0091  -0.0020   0.0203   0.0112   0.0111   0.0112  -0.0001
     6(N )  -0.0490  -0.0903  -0.0279   0.0211   0.0413   0.0312   0.0202
     7(H )   0.0632   0.0384   0.0854   0.0222   0.0248   0.0235   0.0027
     8(N )  -0.0717  -0.0985  -0.0607   0.0110   0.0268   0.0189   0.0159
     9(C )   0.0170   0.0050   0.0280   0.0109   0.0120   0.0115   0.0011
    10(H )   0.0473   0.0337   0.0591   0.0118   0.0136   0.0127   0.0019
    11(H )   0.0499   0.0202   0.0736   0.0237   0.0297   0.0267   0.0060
    12(H )   0.0576   0.0295   0.0804   0.0228   0.0281   0.0254   0.0053
    13(H )   0.0538   0.0389   0.0649   0.0111   0.0150   0.0130   0.0039
    14(H )   0.0425   0.0295   0.0548   0.0123   0.0130   0.0126   0.0007
    15(C )   0.0107  -0.0008   0.0211   0.0105   0.0115   0.0110   0.0010
    16(H )   0.0417   0.0297   0.0520   0.0103   0.0120   0.0111   0.0016
    17(H )   0.0474   0.0187   0.0702   0.0228   0.0287   0.0257   0.0059
    18(C )  -0.0424  -0.0491  -0.0360   0.0064   0.0066   0.0065   0.0002
    19(H )   0.0352   0.0268   0.0417   0.0065   0.0084   0.0075   0.0019
    20(H )   0.0501   0.0270   0.0703   0.0202   0.0230   0.0216   0.0028
    21(C )  -0.0384  -0.0439  -0.0318   0.0066   0.0055   0.0060  -0.0010
    22(H )   0.0560   0.0345   0.0751   0.0191   0.0215   0.0203   0.0024
    23(H )   0.0380   0.0241   0.0520   0.0140   0.0140   0.0140   0.0000
    24(C )   0.0150   0.0039   0.0243   0.0093   0.0111   0.0102   0.0019
    25(H )   0.0484   0.0383   0.0523   0.0039   0.0101   0.0070   0.0061
    26(H )   0.0546   0.0291   0.0750   0.0204   0.0254   0.0229   0.0050
    27(H )   0.1308   0.1111   0.1477   0.0170   0.0197   0.0183   0.0027
    28(H )   0.1252   0.1046   0.1479   0.0227   0.0206   0.0217  -0.0021
    29(H )   0.1324   0.1123   0.1501   0.0177   0.0201   0.0189   0.0024
    30(H )   0.1381   0.1143   0.1563   0.0182   0.0238   0.0210   0.0056
    31(H )   0.1241   0.1005   0.1439   0.0198   0.0236   0.0217   0.0038
 
 Condensed local electrophilicity/nucleophilicity index (e*eV)
     Atom              Electrophilicity          Nucleophilicity
     1(Pt)                  0.92623                 -0.20720
     2(N )                  0.10078                 -0.01014
     3(Cl)                  0.91870                 -0.27214
     4(C )                  0.02419                 -0.00548
     5(C )                  0.04393                 -0.00931
     6(N )                  0.16313                 -0.01748
     7(H )                  0.09808                 -0.01841
     8(N )                  0.10596                 -0.00910
     9(C )                  0.04743                 -0.00908
    10(H )                  0.05377                 -0.00976
    11(H )                  0.11739                 -0.01968
    12(H )                  0.11091                 -0.01891
    13(H )                  0.05915                 -0.00921
    14(H )                  0.05123                 -0.01021
    15(C )                  0.04544                 -0.00868
    16(H )                  0.04720                 -0.00858
    17(H )                  0.11315                 -0.01890
    18(C )                  0.02624                 -0.00533
    19(H )                  0.03313                 -0.00541
    20(H )                  0.09099                 -0.01677
    21(C )                  0.02181                 -0.00545
    22(H )                  0.08494                 -0.01584
    23(H )                  0.05525                 -0.01160
    24(C )                  0.04396                 -0.00770
    25(H )                  0.03978                 -0.00326
    26(H )                  0.10044                 -0.01692
    27(H )                  0.07761                 -0.01409
    28(H )                  0.08140                 -0.01887
    29(H )                  0.07931                 -0.01471
    30(H )                  0.09396                 -0.01510
    31(H )                  0.09326                 -0.01642
 
 Condensed local softness (e/Hartree), relative electrophilicity/nucleophilicity (dimensionless) and condensed local hyper-softness (e/Hartree^2)
     Atom         s-          s+          s0        s+/s-       s-/s+       s(2)
     1(Pt)      0.8506      0.7990      0.8248      0.9393      1.0646     -0.1758
     2(N )      0.0416      0.0869      0.0643      2.0879      0.4790      0.1543
     3(Cl)      1.1172      0.7925      0.9549      0.7094      1.4097     -1.1060
     4(C )      0.0225      0.0209      0.0217      0.9271      1.0787     -0.0056
     5(C )      0.0382      0.0379      0.0381      0.9914      1.0087     -0.0011
     6(N )      0.0718      0.1407      0.1062      1.9609      0.5100      0.2349
     7(H )      0.0756      0.0846      0.0801      1.1195      0.8932      0.0308
     8(N )      0.0374      0.0914      0.0644      2.4469      0.4087      0.1841
     9(C )      0.0373      0.0409      0.0391      1.0977      0.9110      0.0124
    10(H )      0.0401      0.0464      0.0432      1.1572      0.8641      0.0215
    11(H )      0.0808      0.1013      0.0910      1.2531      0.7980      0.0697
    12(H )      0.0776      0.0957      0.0867      1.2322      0.8116      0.0614
    13(H )      0.0378      0.0510      0.0444      1.3502      0.7406      0.0451
    14(H )      0.0419      0.0442      0.0431      1.0545      0.9483      0.0078
    15(C )      0.0356      0.0392      0.0374      1.1001      0.9090      0.0121
    16(H )      0.0352      0.0407      0.0380      1.1563      0.8648      0.0188
    17(H )      0.0776      0.0976      0.0876      1.2582      0.7948      0.0682
    18(C )      0.0219      0.0226      0.0223      1.0345      0.9666      0.0026
    19(H )      0.0222      0.0286      0.0254      1.2879      0.7764      0.0218
    20(H )      0.0689      0.0785      0.0737      1.1399      0.8772      0.0328
    21(C )      0.0224      0.0188      0.0206      0.8411      1.1889     -0.0121
    22(H )      0.0650      0.0733      0.0691      1.1269      0.8874      0.0281
    23(H )      0.0476      0.0477      0.0476      1.0008      0.9992      0.0001
    24(C )      0.0316      0.0379      0.0348      1.2000      0.8333      0.0215
    25(H )      0.0134      0.0343      0.0238      2.5645      0.3899      0.0713
    26(H )      0.0695      0.0866      0.0781      1.2473      0.8017      0.0585
    27(H )      0.0578      0.0670      0.0624      1.1576      0.8639      0.0310
    28(H )      0.0775      0.0702      0.0738      0.9065      1.1032     -0.0247
    29(H )      0.0604      0.0684      0.0644      1.1327      0.8829      0.0273
    30(H )      0.0620      0.0811      0.0715      1.3077      0.7647      0.0650
    31(H )      0.0674      0.0805      0.0739      1.1933      0.8380      0.0444
 
 E(N):    -1022.014111 Hartree
 E(N+1):    -1022.159220 Hartree
 E(N-1):    -1021.575440 Hartree
 E_HOMO(N):     -0.365692 Hartree,   -9.9510 eV
 E_HOMO(N+1):   -0.113063 Hartree,   -3.0766 eV
 E_HOMO(N-1):   -0.592486 Hartree,  -16.1224 eV
 First vertical IP:     0.438672 Hartree,   11.9369 eV
 First vertical EA:     0.145109 Hartree,    3.9486 eV
 Mulliken electronegativity:     0.291890 Hartree,    7.9427 eV
 Chemical potential:            -0.291890 Hartree,   -7.9427 eV
 Hardness (=fundamental gap):    0.293563 Hartree,    7.9882 eV
 Softness:      3.406428 Hartree^-1,    0.1252 eV^-1
 Softness^2:   11.603750 Hartree^-2,    0.0157 eV^-2
 Electrophilicity index:    0.145114 Hartree,    3.9487 eV
 Nucleophilicity index:    -0.030494 Hartree,   -0.8298 eV
