 Note: the E(HOMO) of TCE used for evaluating nucleophilicity index is the value evaluated at B3LYP/6-31G* level
 
 Hirshfeld charges, condensed Fukui functions and condensed dual descriptors
 Units used below are "e" (elementary charge)
     Atom     q(N)    q(N+1)   q(N-1)     f-       f+       f0      CDD
     1(Pt)   0.2744   0.0189   0.6682   0.3938   0.2555   0.3246  -0.1383
     2(N )  -0.0698  -0.1113  -0.0537   0.0162   0.0414   0.0288   0.0253
     3(N )  -0.0698  -0.1113  -0.0537   0.0162   0.0414   0.0288   0.0252
     4(N )  -0.0698  -0.1113  -0.0537   0.0162   0.0414   0.0288   0.0252
     5(N )  -0.0698  -0.1113  -0.0537   0.0162   0.0414   0.0288   0.0253
     6(C )   0.0247   0.0082   0.0407   0.0160   0.0165   0.0162   0.0005
     7(H )   0.0725   0.0418   0.1034   0.0309   0.0307   0.0308  -0.0002
     8(H )   0.0593   0.0422   0.0747   0.0153   0.0172   0.0163   0.0018
     9(C )  -0.0323  -0.0406  -0.0217   0.0106   0.0083   0.0094  -0.0023
    10(H )   0.0809   0.0539   0.1051   0.0242   0.0270   0.0256   0.0029
    11(H )   0.0525   0.0369   0.0742   0.0217   0.0156   0.0186  -0.0061
    12(C )   0.0247   0.0082   0.0407   0.0160   0.0164   0.0162   0.0005
    13(H )   0.0725   0.0418   0.1034   0.0309   0.0307   0.0308  -0.0002
    14(H )   0.0593   0.0422   0.0747   0.0153   0.0172   0.0163   0.0018
    15(C )   0.0247   0.0082   0.0407   0.0160   0.0164   0.0162   0.0005
    16(H )   0.0593   0.0422   0.0747   0.0153   0.0172   0.0163   0.0018
    17(H )   0.0725   0.0418   0.1034   0.0309   0.0307   0.0308  -0.0002
    18(C )  -0.0323  -0.0406  -0.0217   0.0106   0.0083   0.0094  -0.0023
    19(H )   0.0809   0.0539   0.1051   0.0242   0.0270   0.0256   0.0029
    20(H )   0.0525   0.0369   0.0742   0.0217   0.0156   0.0186  -0.0061
    21(C )   0.0247   0.0082   0.0407   0.0160   0.0164   0.0162   0.0005
    22(H )   0.0593   0.0422   0.0747   0.0153   0.0172   0.0163   0.0018
    23(H )   0.0725   0.0418   0.1034   0.0309   0.0307   0.0308  -0.0002
    24(H )   0.1466   0.1212   0.1691   0.0225   0.0254   0.0240   0.0029
    25(H )   0.1475   0.1180   0.1700   0.0225   0.0295   0.0260   0.0070
    26(H )   0.1466   0.1212   0.1691   0.0225   0.0254   0.0240   0.0029
    27(H )   0.1475   0.1180   0.1700   0.0225   0.0295   0.0260   0.0070
    28(H )   0.1466   0.1212   0.1691   0.0225   0.0254   0.0240   0.0029
    29(H )   0.1475   0.1180   0.1700   0.0225   0.0295   0.0260   0.0070
    30(H )   0.1475   0.1180   0.1700   0.0225   0.0295   0.0260   0.0070
    31(H )   0.1466   0.1212   0.1691   0.0225   0.0254   0.0240   0.0029
 
 Condensed local electrophilicity/nucleophilicity index (e*eV)
     Atom              Electrophilicity          Nucleophilicity
     1(Pt)                  2.15726                 -2.14402
     2(N )                  0.34974                 -0.08802
     3(N )                  0.34966                 -0.08804
     4(N )                  0.34966                 -0.08803
     5(N )                  0.34974                 -0.08802
     6(C )                  0.13890                 -0.08704
     7(H )                  0.25945                 -0.16839
     8(H )                  0.14511                 -0.08352
     9(C )                  0.07012                 -0.05762
    10(H )                  0.22829                 -0.13158
    11(H )                  0.13141                 -0.11804
    12(C )                  0.13889                 -0.08704
    13(H )                  0.25945                 -0.16839
    14(H )                  0.14511                 -0.08352
    15(C )                  0.13888                 -0.08704
    16(H )                  0.14509                 -0.08353
    17(H )                  0.25945                 -0.16839
    18(C )                  0.07012                 -0.05762
    19(H )                  0.22828                 -0.13158
    20(H )                  0.13142                 -0.11805
    21(C )                  0.13890                 -0.08705
    22(H )                  0.14510                 -0.08353
    23(H )                  0.25945                 -0.16840
    24(H )                  0.21445                 -0.12259
    25(H )                  0.24893                 -0.12261
    26(H )                  0.21442                 -0.12260
    27(H )                  0.24891                 -0.12260
    28(H )                  0.21445                 -0.12260
    29(H )                  0.24893                 -0.12260
    30(H )                  0.24892                 -0.12260
    31(H )                  0.21442                 -0.12260
 
 Condensed local softness (e/Hartree), relative electrophilicity/nucleophilicity (dimensionless) and condensed local hyper-softness (e/Hartree^2)
     Atom         s-          s+          s0        s+/s-       s-/s+       s(2)
     1(Pt)      1.1960      0.7760      0.9860      0.6488      1.5412     -1.2757
     2(N )      0.0491      0.1258      0.0875      2.5622      0.3903      0.2330
     3(N )      0.0491      0.1258      0.0874      2.5613      0.3904      0.2329
     4(N )      0.0491      0.1258      0.0874      2.5613      0.3904      0.2329
     5(N )      0.0491      0.1258      0.0875      2.5622      0.3903      0.2330
     6(C )      0.0486      0.0500      0.0493      1.0292      0.9717      0.0043
     7(H )      0.0939      0.0933      0.0936      0.9936      1.0065     -0.0018
     8(H )      0.0466      0.0522      0.0494      1.1203      0.8926      0.0170
     9(C )      0.0321      0.0252      0.0287      0.7848      1.2742     -0.0210
    10(H )      0.0734      0.0821      0.0778      1.1188      0.8938      0.0265
    11(H )      0.0658      0.0473      0.0566      0.7179      1.3930     -0.0564
    12(C )      0.0486      0.0500      0.0493      1.0290      0.9718      0.0043
    13(H )      0.0939      0.0933      0.0936      0.9936      1.0064     -0.0018
    14(H )      0.0466      0.0522      0.0494      1.1204      0.8926      0.0170
    15(C )      0.0486      0.0500      0.0493      1.0289      0.9719      0.0043
    16(H )      0.0466      0.0522      0.0494      1.1201      0.8928      0.0170
    17(H )      0.0939      0.0933      0.0936      0.9936      1.0065     -0.0018
    18(C )      0.0321      0.0252      0.0287      0.7847      1.2743     -0.0210
    19(H )      0.0734      0.0821      0.0778      1.1188      0.8938      0.0265
    20(H )      0.0658      0.0473      0.0566      0.7179      1.3929     -0.0564
    21(C )      0.0486      0.0500      0.0493      1.0289      0.9719      0.0043
    22(H )      0.0466      0.0522      0.0494      1.1202      0.8927      0.0170
    23(H )      0.0939      0.0933      0.0936      0.9935      1.0065     -0.0018
    24(H )      0.0684      0.0771      0.0728      1.1280      0.8865      0.0266
    25(H )      0.0684      0.0895      0.0790      1.3093      0.7638      0.0642
    26(H )      0.0684      0.0771      0.0728      1.1278      0.8867      0.0265
    27(H )      0.0684      0.0895      0.0790      1.3093      0.7638      0.0642
    28(H )      0.0684      0.0771      0.0728      1.1280      0.8865      0.0266
    29(H )      0.0684      0.0895      0.0790      1.3094      0.7637      0.0643
    30(H )      0.0684      0.0895      0.0790      1.3093      0.7638      0.0642
    31(H )      0.0684      0.0771      0.0728      1.1278      0.8866      0.0266
 
 E(N):     -578.689800 Hartree
 E(N+1):     -578.977209 Hartree
 E(N-1):     -578.073165 Hartree
 E_HOMO(N):     -0.535302 Hartree,  -14.5663 eV
 E_HOMO(N+1):   -0.249443 Hartree,   -6.7877 eV
 E_HOMO(N-1):   -0.751195 Hartree,  -20.4411 eV
 First vertical IP:     0.616635 Hartree,   16.7795 eV
 First vertical EA:     0.287409 Hartree,    7.8208 eV
 Mulliken electronegativity:     0.452022 Hartree,   12.3002 eV
 Chemical potential:            -0.452022 Hartree,  -12.3002 eV
 Hardness (=fundamental gap):    0.329226 Hartree,    8.9587 eV
 Softness:      3.037429 Hartree^-1,    0.1116 eV^-1
 Softness^2:    9.225978 Hartree^-2,    0.0125 eV^-2
 Electrophilicity index:    0.310310 Hartree,    8.4440 eV
 Nucleophilicity index:    -0.200104 Hartree,   -5.4451 eV
