 Note: the E(HOMO) of TCE used for evaluating nucleophilicity index is the value evaluated at B3LYP/6-31G* level
 
 Hirshfeld charges, condensed Fukui functions and condensed dual descriptors
 Units used below are "e" (elementary charge)
     Atom     q(N)    q(N+1)   q(N-1)     f-       f+       f0      CDD
     1(Pt)   0.2187  -0.0157   0.4599   0.2412   0.2344   0.2378  -0.0069
     2(N )  -0.0731  -0.0976  -0.0628   0.0102   0.0245   0.0174   0.0143
     3(Cl)  -0.2952  -0.5241   0.0324   0.3276   0.2289   0.2782  -0.0986
     4(C )  -0.0400  -0.0485  -0.0332   0.0068   0.0085   0.0076   0.0018
     5(C )   0.0118   0.0004   0.0229   0.0112   0.0114   0.0113   0.0002
     6(N )  -0.0495  -0.0960  -0.0298   0.0197   0.0465   0.0331   0.0268
     7(H )   0.0419   0.0307   0.0524   0.0105   0.0112   0.0108   0.0007
     8(N )  -0.0723  -0.0948  -0.0612   0.0111   0.0224   0.0168   0.0114
     9(C )   0.0172   0.0055   0.0285   0.0113   0.0118   0.0115   0.0005
    10(H )   0.0500   0.0210   0.0738   0.0238   0.0290   0.0264   0.0053
    11(H )   0.0503   0.0344   0.0637   0.0134   0.0159   0.0146   0.0026
    12(H )   0.0537   0.0370   0.0659   0.0122   0.0167   0.0144   0.0045
    13(H )   0.0570   0.0291   0.0796   0.0227   0.0278   0.0252   0.0052
    14(H )   0.0619   0.0346   0.0843   0.0224   0.0273   0.0248   0.0050
    15(C )   0.0064  -0.0028   0.0177   0.0114   0.0091   0.0102  -0.0022
    16(H )   0.0461   0.0178   0.0730   0.0269   0.0283   0.0276   0.0014
    17(H )   0.0430   0.0311   0.0528   0.0098   0.0119   0.0109   0.0021
    18(C )  -0.0397  -0.0447  -0.0346   0.0051   0.0050   0.0051  -0.0001
    19(H )   0.0560   0.0322   0.0772   0.0211   0.0238   0.0225   0.0027
    20(H )   0.0334   0.0229   0.0479   0.0145   0.0105   0.0125  -0.0040
    21(C )  -0.0445  -0.0520  -0.0374   0.0071   0.0075   0.0073   0.0004
    22(H )   0.0316   0.0195   0.0335   0.0019   0.0121   0.0070   0.0102
    23(H )   0.0533   0.0302   0.0778   0.0245   0.0232   0.0238  -0.0013
    24(C )   0.0156   0.0050   0.0262   0.0107   0.0106   0.0106  -0.0001
    25(H )   0.0578   0.0448   0.0719   0.0141   0.0130   0.0135  -0.0011
    26(H )   0.0485   0.0252   0.0716   0.0230   0.0234   0.0232   0.0003
    27(H )   0.1297   0.1096   0.1480   0.0183   0.0200   0.0192   0.0017
    28(H )   0.1372   0.1126   0.1542   0.0170   0.0246   0.0208   0.0076
    29(H )   0.1372   0.1159   0.1545   0.0173   0.0214   0.0193   0.0041
    30(H )   0.1347   0.1173   0.1507   0.0160   0.0174   0.0167   0.0014
    31(H )   0.1209   0.0992   0.1385   0.0176   0.0217   0.0196   0.0040
 
 Condensed local electrophilicity/nucleophilicity index (e*eV)
     Atom              Electrophilicity          Nucleophilicity
     1(Pt)                  0.91282                 -0.18488
     2(N )                  0.09561                 -0.00785
     3(Cl)                  0.89160                 -0.25107
     4(C )                  0.03314                 -0.00518
     5(C )                  0.04430                 -0.00856
     6(N )                  0.18119                 -0.01509
     7(H )                  0.04368                 -0.00803
     8(N )                  0.08739                 -0.00850
     9(C )                  0.04578                 -0.00865
    10(H )                  0.11314                 -0.01821
    11(H )                  0.06203                 -0.01024
    12(H )                  0.06506                 -0.00933
    13(H )                  0.10843                 -0.01736
    14(H )                  0.10644                 -0.01714
    15(C )                  0.03556                 -0.00871
    16(H )                  0.11013                 -0.02062
    17(H )                  0.04635                 -0.00753
    18(C )                  0.01950                 -0.00391
    19(H )                  0.09286                 -0.01621
    20(H )                  0.04089                 -0.01112
    21(C )                  0.02914                 -0.00545
    22(H )                  0.04709                 -0.00148
    23(H )                  0.09024                 -0.01874
    24(C )                  0.04127                 -0.00817
    25(H )                  0.05045                 -0.01077
    26(H )                  0.09108                 -0.01766
    27(H )                  0.07806                 -0.01403
    28(H )                  0.09594                 -0.01304
    29(H )                  0.08319                 -0.01326
    30(H )                  0.06767                 -0.01224
    31(H )                  0.08439                 -0.01350
 
 Condensed local softness (e/Hartree), relative electrophilicity/nucleophilicity (dimensionless) and condensed local hyper-softness (e/Hartree^2)
     Atom         s-          s+          s0        s+/s-       s-/s+       s(2)
     1(Pt)      0.8257      0.8023      0.8140      0.9716      1.0292     -0.0803
     2(N )      0.0351      0.0840      0.0595      2.3958      0.4174      0.1676
     3(Cl)      1.1213      0.7836      0.9524      0.6988      1.4309     -1.1559
     4(C )      0.0231      0.0291      0.0261      1.2598      0.7938      0.0206
     5(C )      0.0382      0.0389      0.0386      1.0188      0.9816      0.0025
     6(N )      0.0674      0.1592      0.1133      2.3622      0.4233      0.3143
     7(H )      0.0359      0.0384      0.0371      1.0703      0.9343      0.0086
     8(N )      0.0379      0.0768      0.0574      2.0239      0.4941      0.1330
     9(C )      0.0387      0.0402      0.0394      1.0409      0.9607      0.0054
    10(H )      0.0813      0.0994      0.0904      1.2225      0.8180      0.0619
    11(H )      0.0458      0.0545      0.0501      1.1915      0.8393      0.0300
    12(H )      0.0417      0.0572      0.0494      1.3723      0.7287      0.0531
    13(H )      0.0776      0.0953      0.0864      1.2288      0.8138      0.0607
    14(H )      0.0765      0.0935      0.0850      1.2223      0.8181      0.0582
    15(C )      0.0389      0.0313      0.0351      0.8038      1.2441     -0.0261
    16(H )      0.0921      0.0968      0.0944      1.0510      0.9514      0.0161
    17(H )      0.0336      0.0407      0.0372      1.2116      0.8254      0.0243
    18(C )      0.0175      0.0171      0.0173      0.9818      1.0185     -0.0011
    19(H )      0.0724      0.0816      0.0770      1.1274      0.8870      0.0316
    20(H )      0.0497      0.0359      0.0428      0.7237      1.3819     -0.0470
    21(C )      0.0243      0.0256      0.0250      1.0527      0.9500      0.0044
    22(H )      0.0066      0.0414      0.0240      6.2818      0.1592      0.1191
    23(H )      0.0837      0.0793      0.0815      0.9474      1.0556     -0.0151
    24(C )      0.0365      0.0363      0.0364      0.9936      1.0064     -0.0008
    25(H )      0.0481      0.0443      0.0462      0.9214      1.0853     -0.0129
    26(H )      0.0789      0.0800      0.0795      1.0149      0.9853      0.0040
    27(H )      0.0627      0.0686      0.0656      1.0947      0.9135      0.0203
    28(H )      0.0582      0.0843      0.0713      1.4483      0.6905      0.0893
    29(H )      0.0592      0.0731      0.0662      1.2343      0.8102      0.0475
    30(H )      0.0546      0.0595      0.0571      1.0884      0.9188      0.0165
    31(H )      0.0603      0.0742      0.0672      1.2298      0.8131      0.0474
 
 E(N):    -1022.013789 Hartree
 E(N+1):    -1022.156907 Hartree
 E(N-1):    -1021.578534 Hartree
 E_HOMO(N):     -0.363365 Hartree,   -9.8877 eV
 E_HOMO(N+1):   -0.114298 Hartree,   -3.1102 eV
 E_HOMO(N-1):   -0.587911 Hartree,  -15.9979 eV
 First vertical IP:     0.435255 Hartree,   11.8439 eV
 First vertical EA:     0.143118 Hartree,    3.8944 eV
 Mulliken electronegativity:     0.289187 Hartree,    7.8692 eV
 Chemical potential:            -0.289187 Hartree,   -7.8692 eV
 Hardness (=fundamental gap):    0.292137 Hartree,    7.9494 eV
 Softness:      3.423056 Hartree^-1,    0.1258 eV^-1
 Softness^2:   11.717315 Hartree^-2,    0.0158 eV^-2
 Electrophilicity index:    0.143133 Hartree,    3.8949 eV
 Nucleophilicity index:    -0.028167 Hartree,   -0.7665 eV
