 Note: the E(HOMO) of TCE used for evaluating nucleophilicity index is the value evaluated at B3LYP/6-31G* level
 
 Hirshfeld charges, condensed Fukui functions and condensed dual descriptors
 Units used below are "e" (elementary charge)
     Atom     q(N)    q(N+1)   q(N-1)     f-       f+       f0      CDD
     1(Pt)   0.2746   0.0220   0.6820   0.4074   0.2525   0.3300  -0.1549
     2(N )  -0.0692  -0.1258  -0.0507   0.0185   0.0566   0.0375   0.0381
     3(N )  -0.0693  -0.0937  -0.0543   0.0150   0.0244   0.0197   0.0094
     4(N )  -0.0705  -0.0939  -0.0518   0.0187   0.0234   0.0210   0.0046
     5(N )  -0.0702  -0.1341  -0.0548   0.0153   0.0639   0.0396   0.0486
     6(C )   0.0243   0.0109   0.0414   0.0171   0.0133   0.0152  -0.0038
     7(H )   0.0585   0.0434   0.0748   0.0164   0.0151   0.0157  -0.0013
     8(H )   0.0725   0.0442   0.1053   0.0328   0.0283   0.0305  -0.0046
     9(C )  -0.0322  -0.0403  -0.0210   0.0112   0.0081   0.0097  -0.0031
    10(H )   0.0528   0.0373   0.0761   0.0234   0.0154   0.0194  -0.0079
    11(H )   0.0808   0.0541   0.1056   0.0248   0.0267   0.0257   0.0019
    12(C )   0.0246   0.0062   0.0416   0.0170   0.0185   0.0177   0.0015
    13(H )   0.0589   0.0407   0.0751   0.0163   0.0182   0.0172   0.0019
    14(H )   0.0726   0.0406   0.1051   0.0326   0.0320   0.0323  -0.0006
    15(C )   0.0272   0.0117   0.0404   0.0132   0.0154   0.0143   0.0022
    16(H )   0.0665   0.0480   0.0830   0.0165   0.0185   0.0175   0.0021
    17(H )   0.0675   0.0410   0.0921   0.0246   0.0265   0.0255   0.0019
    18(C )  -0.0354  -0.0465  -0.0265   0.0090   0.0111   0.0100   0.0021
    19(H )   0.0470   0.0318   0.0519   0.0049   0.0152   0.0101   0.0103
    20(H )   0.0771   0.0493   0.1052   0.0281   0.0279   0.0280  -0.0002
    21(C )   0.0268   0.0073   0.0409   0.0141   0.0194   0.0168   0.0053
    22(H )   0.0750   0.0423   0.0997   0.0248   0.0327   0.0287   0.0079
    23(H )   0.0595   0.0392   0.0769   0.0174   0.0202   0.0188   0.0028
    24(H )   0.1479   0.1143   0.1722   0.0243   0.0336   0.0290   0.0094
    25(H )   0.1472   0.1182   0.1710   0.0238   0.0289   0.0264   0.0051
    26(H )   0.1476   0.1239   0.1720   0.0244   0.0237   0.0241  -0.0006
    27(H )   0.1475   0.1276   0.1710   0.0235   0.0199   0.0217  -0.0036
    28(H )   0.1454   0.1132   0.1642   0.0189   0.0322   0.0255   0.0134
    29(H )   0.1514   0.1170   0.1748   0.0233   0.0344   0.0289   0.0110
    30(H )   0.1451   0.1213   0.1668   0.0217   0.0239   0.0228   0.0022
    31(H )   0.1485   0.1286   0.1696   0.0212   0.0199   0.0205  -0.0012
 
 Condensed local electrophilicity/nucleophilicity index (e*eV)
     Atom              Electrophilicity          Nucleophilicity
     1(Pt)                  2.15807                 -2.22994
     2(N )                  0.48357                 -0.10132
     3(N )                  0.20873                 -0.08233
     4(N )                  0.19970                 -0.10247
     5(N )                  0.54641                 -0.08401
     6(C )                  0.11402                 -0.09367
     7(H )                  0.12878                 -0.08959
     8(H )                  0.24149                 -0.17968
     9(C )                  0.06945                 -0.06118
    10(H )                  0.13196                 -0.12801
    11(H )                  0.22821                 -0.13571
    12(C )                  0.15775                 -0.09290
    13(H )                  0.15539                 -0.08911
    14(H )                  0.27340                 -0.17815
    15(C )                  0.13168                 -0.07224
    16(H )                  0.15846                 -0.09027
    17(H )                  0.22616                 -0.13459
    18(C )                  0.09483                 -0.04904
    19(H )                  0.13002                 -0.02676
    20(H )                  0.23810                 -0.15381
    21(C )                  0.16621                 -0.07744
    22(H )                  0.27932                 -0.13565
    23(H )                  0.17285                 -0.09548
    24(H )                  0.28748                 -0.13293
    25(H )                  0.24713                 -0.13049
    26(H )                  0.20293                 -0.13342
    27(H )                  0.16994                 -0.12855
    28(H )                  0.27526                 -0.10321
    29(H )                  0.29395                 -0.12778
    30(H )                  0.20390                 -0.11866
    31(H )                  0.17015                 -0.11576
 
 Condensed local softness (e/Hartree), relative electrophilicity/nucleophilicity (dimensionless) and condensed local hyper-softness (e/Hartree^2)
     Atom         s-          s+          s0        s+/s-       s-/s+       s(2)
     1(Pt)      1.2399      0.7685      1.0042      0.6198      1.6134     -1.4347
     2(N )      0.0563      0.1722      0.1143      3.0567      0.3271      0.3526
     3(N )      0.0458      0.0743      0.0601      1.6238      0.6159      0.0869
     4(N )      0.0570      0.0711      0.0640      1.2481      0.8012      0.0430
     5(N )      0.0467      0.1946      0.1206      4.1656      0.2401      0.4500
     6(C )      0.0521      0.0406      0.0463      0.7796      1.2827     -0.0349
     7(H )      0.0498      0.0459      0.0478      0.9205      1.0863     -0.0120
     8(H )      0.0999      0.0860      0.0930      0.8607      1.1618     -0.0423
     9(C )      0.0340      0.0247      0.0294      0.7269      1.3756     -0.0283
    10(H )      0.0712      0.0470      0.0591      0.6602      1.5147     -0.0736
    11(H )      0.0755      0.0813      0.0784      1.0770      0.9285      0.0177
    12(C )      0.0517      0.0562      0.0539      1.0876      0.9195      0.0138
    13(H )      0.0495      0.0553      0.0524      1.1169      0.8954      0.0176
    14(H )      0.0991      0.0974      0.0982      0.9829      1.0174     -0.0052
    15(C )      0.0402      0.0469      0.0435      1.1674      0.8566      0.0205
    16(H )      0.0502      0.0564      0.0533      1.1243      0.8894      0.0190
    17(H )      0.0748      0.0805      0.0777      1.0761      0.9292      0.0173
    18(C )      0.0273      0.0338      0.0305      1.2383      0.8076      0.0198
    19(H )      0.0149      0.0463      0.0306      3.1118      0.3214      0.0956
    20(H )      0.0855      0.0848      0.0852      0.9914      1.0087     -0.0022
    21(C )      0.0431      0.0592      0.0511      1.3746      0.7275      0.0491
    22(H )      0.0754      0.0995      0.0874      1.3187      0.7583      0.0732
    23(H )      0.0531      0.0616      0.0573      1.1594      0.8625      0.0258
    24(H )      0.0739      0.1024      0.0881      1.3850      0.7220      0.0866
    25(H )      0.0726      0.0880      0.0803      1.2129      0.8245      0.0470
    26(H )      0.0742      0.0723      0.0732      0.9741      1.0266     -0.0059
    27(H )      0.0715      0.0605      0.0660      0.8467      1.1811     -0.0334
    28(H )      0.0574      0.0980      0.0777      1.7081      0.5854      0.1237
    29(H )      0.0711      0.1047      0.0879      1.4733      0.6788      0.1023
    30(H )      0.0660      0.0726      0.0693      1.1005      0.9087      0.0202
    31(H )      0.0644      0.0606      0.0625      0.9413      1.0624     -0.0115
 
 E(N):     -578.684110 Hartree
 E(N+1):     -578.974120 Hartree
 E(N-1):     -578.065502 Hartree
 E_HOMO(N):     -0.536330 Hartree,  -14.5943 eV
 E_HOMO(N+1):   -0.264710 Hartree,   -7.2031 eV
 E_HOMO(N-1):   -0.751917 Hartree,  -20.4607 eV
 First vertical IP:     0.618608 Hartree,   16.8332 eV
 First vertical EA:     0.290010 Hartree,    7.8916 eV
 Mulliken electronegativity:     0.454309 Hartree,   12.3624 eV
 Chemical potential:            -0.454309 Hartree,  -12.3624 eV
 Hardness (=fundamental gap):    0.328598 Hartree,    8.9416 eV
 Softness:      3.043231 Hartree^-1,    0.1118 eV^-1
 Softness^2:    9.261255 Hartree^-2,    0.0125 eV^-2
 Electrophilicity index:    0.314057 Hartree,    8.5459 eV
 Nucleophilicity index:    -0.201132 Hartree,   -5.4731 eV
