 Note: the E(HOMO) of TCE used for evaluating nucleophilicity index is the value evaluated at B3LYP/6-31G* level
 
 Hirshfeld charges, condensed Fukui functions and condensed dual descriptors
 Units used below are "e" (elementary charge)
     Atom     q(N)    q(N+1)   q(N-1)     f-       f+       f0      CDD
     1(P )   0.5096   0.4899   0.5420   0.0324   0.0197   0.0261  -0.0127
     2(P )   0.5217   0.5016   0.5776   0.0559   0.0201   0.0380  -0.0359
     3(C )   0.0335   0.0229   0.0367   0.0031   0.0106   0.0069   0.0075
     4(H )   0.0431  -0.0023   0.0499   0.0068   0.0455   0.0261   0.0387
     5(C )   0.0332   0.0190   0.0369   0.0037   0.0142   0.0090   0.0105
     6(H )   0.0406  -0.0254   0.0494   0.0088   0.0659   0.0374   0.0571
     7(C )  -0.0444  -0.0591  -0.0385   0.0059   0.0146   0.0103   0.0088
     8(H )   0.0377   0.0051   0.0484   0.0107   0.0326   0.0217   0.0219
     9(H )   0.0358   0.0018   0.0418   0.0060   0.0341   0.0200   0.0281
    10(C )  -0.0401  -0.0486  -0.0337   0.0064   0.0085   0.0075   0.0021
    11(H )   0.0324   0.0156   0.0381   0.0057   0.0168   0.0112   0.0110
    12(H )   0.0410   0.0237   0.0548   0.0138   0.0173   0.0156   0.0035
    13(C )  -0.0401  -0.0487  -0.0338   0.0063   0.0086   0.0074   0.0023
    14(H )   0.0411   0.0238   0.0548   0.0137   0.0173   0.0155   0.0036
    15(H )   0.0315   0.0150   0.0378   0.0062   0.0165   0.0114   0.0103
    16(C )  -0.0443  -0.0590  -0.0387   0.0056   0.0146   0.0101   0.0090
    17(H )   0.0388   0.0075   0.0487   0.0100   0.0313   0.0206   0.0213
    18(H )   0.0349  -0.0014   0.0415   0.0066   0.0363   0.0215   0.0297
    19(O )  -0.3366  -0.3422  -0.3143   0.0223   0.0057   0.0140  -0.0166
    20(O )  -0.3542  -0.3596  -0.2150   0.1392   0.0054   0.0723  -0.1338
    21(O )  -0.4007  -0.4244  -0.3109   0.0898   0.0237   0.0568  -0.0662
    22(O )  -0.3878  -0.4115  -0.2758   0.1120   0.0236   0.0678  -0.0884
    23(N )  -0.0719  -0.0830  -0.0617   0.0102   0.0111   0.0107   0.0009
    24(H )   0.1316   0.0569   0.1464   0.0148   0.0747   0.0448   0.0599
    25(H )   0.1446   0.0764   0.1576   0.0130   0.0682   0.0406   0.0552
    26(N )  -0.0772  -0.0879  -0.0567   0.0205   0.0108   0.0156  -0.0097
    27(H )   0.1305   0.0814   0.1485   0.0180   0.0491   0.0335   0.0311
    28(H )   0.1405   0.0481   0.1608   0.0203   0.0925   0.0564   0.0722
    29(Pt)   0.2458   0.1276   0.4267   0.1809   0.1182   0.1496  -0.0627
    30(O )  -0.2519  -0.2605  -0.2169   0.0350   0.0086   0.0218  -0.0264
    31(O )  -0.2567  -0.2682  -0.2009   0.0558   0.0115   0.0336  -0.0443
    32(H )   0.1362   0.1279   0.1538   0.0175   0.0083   0.0129  -0.0092
    33(O )  -0.2720  -0.2763  -0.2510   0.0209   0.0043   0.0126  -0.0166
    34(H )   0.1737   0.1445   0.1955   0.0218   0.0292   0.0255   0.0074
 
 Condensed local electrophilicity/nucleophilicity index (e*eV)
     Atom              Electrophilicity          Nucleophilicity
     1(P )                  0.02222                  0.08395
     2(P )                  0.02256                  0.14467
     3(C )                  0.01192                  0.00812
     4(H )                  0.05114                  0.01750
     5(C )                  0.01600                  0.00956
     6(H )                  0.07416                  0.02280
     7(C )                  0.01648                  0.01524
     8(H )                  0.03670                  0.02780
     9(H )                  0.03834                  0.01550
    10(C )                  0.00959                  0.01663
    11(H )                  0.01884                  0.01485
    12(H )                  0.01950                  0.03579
    13(C )                  0.00963                  0.01631
    14(H )                  0.01946                  0.03541
    15(H )                  0.01858                  0.01614
    16(C )                  0.01647                  0.01462
    17(H )                  0.03516                  0.02584
    18(H )                  0.04086                  0.01706
    19(O )                  0.00637                  0.05765
    20(O )                  0.00607                  0.36016
    21(O )                  0.02664                  0.23247
    22(O )                  0.02660                  0.28987
    23(N )                  0.01253                  0.02645
    24(H )                  0.08404                  0.03830
    25(H )                  0.07674                  0.03356
    26(N )                  0.01214                  0.05304
    27(H )                  0.05521                  0.04660
    28(H )                  0.10401                  0.05241
    29(Pt)                  0.13301                  0.46815
    30(O )                  0.00972                  0.09069
    31(O )                  0.01292                  0.14439
    32(H )                  0.00936                  0.04533
    33(O )                  0.00489                  0.05418
    34(H )                  0.03281                  0.05635
 
 Condensed local softness (e/Hartree), relative electrophilicity/nucleophilicity (dimensionless) and condensed local hyper-softness (e/Hartree^2)
     Atom         s-          s+          s0        s+/s-       s-/s+       s(2)
     1(P )      0.1081      0.0658      0.0869      0.6088      1.6427     -0.1409
     2(P )      0.1863      0.0668      0.1265      0.3587      2.7875     -0.3980
     3(C )      0.0105      0.0353      0.0229      3.3774      0.2961      0.0828
     4(H )      0.0225      0.1515      0.0870      6.7199      0.1488      0.4295
     5(C )      0.0123      0.0474      0.0298      3.8518      0.2596      0.1169
     6(H )      0.0294      0.2196      0.1245      7.4805      0.1337      0.6339
     7(C )      0.0196      0.0488      0.0342      2.4865      0.4022      0.0972
     8(H )      0.0358      0.1087      0.0722      3.0363      0.3293      0.2428
     9(H )      0.0200      0.1135      0.0668      5.6888      0.1758      0.3118
    10(C )      0.0214      0.0284      0.0249      1.3269      0.7536      0.0233
    11(H )      0.0191      0.0558      0.0375      2.9182      0.3427      0.1222
    12(H )      0.0461      0.0578      0.0519      1.2532      0.7979      0.0389
    13(C )      0.0210      0.0285      0.0248      1.3581      0.7363      0.0251
    14(H )      0.0456      0.0576      0.0516      1.2644      0.7909      0.0402
    15(H )      0.0208      0.0550      0.0379      2.6474      0.3777      0.1141
    16(C )      0.0188      0.0488      0.0338      2.5911      0.3859      0.0998
    17(H )      0.0333      0.1041      0.0687      3.1297      0.3195      0.2361
    18(H )      0.0220      0.1210      0.0715      5.5107      0.1815      0.3300
    19(O )      0.0742      0.0189      0.0466      0.2542      3.9339     -0.1845
    20(O )      0.4637      0.0180      0.2408      0.0388     25.8003     -1.4851
    21(O )      0.2993      0.0789      0.1891      0.2636      3.7941     -0.7344
    22(O )      0.3732      0.0788      0.2260      0.2111      4.7381     -0.9810
    23(N )      0.0341      0.0371      0.0356      1.0898      0.9176      0.0102
    24(H )      0.0493      0.2489      0.1491      5.0472      0.1981      0.6650
    25(H )      0.0432      0.2273      0.1352      5.2593      0.1901      0.6132
    26(N )      0.0683      0.0359      0.0521      0.5263      1.8999     -0.1078
    27(H )      0.0600      0.1635      0.1118      2.7251      0.3670      0.3449
    28(H )      0.0675      0.3080      0.1878      4.5648      0.2191      0.8015
    29(Pt)      0.6028      0.3939      0.4983      0.6535      1.5302     -0.6958
    30(O )      0.1168      0.0288      0.0728      0.2465      4.0567     -0.2931
    31(O )      0.1859      0.0383      0.1121      0.2058      4.8601     -0.4919
    32(H )      0.0584      0.0277      0.0430      0.4749      2.1055     -0.1021
    33(O )      0.0698      0.0145      0.0421      0.2076      4.8177     -0.1842
    34(H )      0.0725      0.0972      0.0849      1.3396      0.7465      0.0821
 
 E(N):    -1676.789821 Hartree
 E(N+1):    -1676.797282 Hartree
 E(N-1):    -1676.482213 Hartree
 E_HOMO(N):     -0.240105 Hartree,   -6.5336 eV
 E_HOMO(N+1):    0.030065 Hartree,    0.8181 eV
 E_HOMO(N-1):   -0.405435 Hartree,  -11.0325 eV
 First vertical IP:     0.307607 Hartree,    8.3704 eV
 First vertical EA:     0.007461 Hartree,    0.2030 eV
 Mulliken electronegativity:     0.157534 Hartree,    4.2867 eV
 Chemical potential:            -0.157534 Hartree,   -4.2867 eV
 Hardness (=fundamental gap):    0.300146 Hartree,    8.1674 eV
 Softness:      3.331709 Hartree^-1,    0.1224 eV^-1
 Softness^2:   11.100285 Hartree^-2,    0.0150 eV^-2
 Electrophilicity index:    0.041342 Hartree,    1.1250 eV
 Nucleophilicity index:     0.095093 Hartree,    2.5876 eV
