 Note: the E(HOMO) of TCE used for evaluating nucleophilicity index is the value evaluated at B3LYP/6-31G* level
 
 Hirshfeld charges, condensed Fukui functions and condensed dual descriptors
 Units used below are "e" (elementary charge)
     Atom     q(N)    q(N+1)   q(N-1)     f-       f+       f0      CDD
     1(P )   0.5138   0.4933   0.5606   0.0469   0.0205   0.0337  -0.0264
     2(P )   0.5138   0.4933   0.5606   0.0469   0.0205   0.0337  -0.0264
     3(C )   0.0333   0.0209   0.0371   0.0038   0.0124   0.0081   0.0086
     4(H )   0.0415  -0.0149   0.0496   0.0081   0.0564   0.0323   0.0482
     5(C )   0.0333   0.0209   0.0371   0.0038   0.0124   0.0081   0.0086
     6(H )   0.0415  -0.0149   0.0496   0.0081   0.0564   0.0323   0.0482
     7(C )  -0.0447  -0.0598  -0.0388   0.0058   0.0151   0.0105   0.0093
     8(H )   0.0378   0.0049   0.0482   0.0104   0.0329   0.0217   0.0225
     9(H )   0.0351  -0.0015   0.0415   0.0064   0.0365   0.0215   0.0301
    10(C )  -0.0404  -0.0492  -0.0340   0.0064   0.0088   0.0076   0.0024
    11(H )   0.0317   0.0143   0.0377   0.0060   0.0173   0.0117   0.0113
    12(H )   0.0405   0.0229   0.0543   0.0138   0.0176   0.0157   0.0038
    13(C )  -0.0404  -0.0492  -0.0340   0.0064   0.0088   0.0076   0.0024
    14(H )   0.0405   0.0229   0.0543   0.0138   0.0176   0.0157   0.0038
    15(H )   0.0317   0.0143   0.0377   0.0060   0.0173   0.0117   0.0113
    16(C )  -0.0447  -0.0598  -0.0388   0.0058   0.0151   0.0105   0.0093
    17(H )   0.0378   0.0049   0.0482   0.0104   0.0329   0.0217   0.0225
    18(H )   0.0351  -0.0015   0.0415   0.0064   0.0365   0.0215   0.0302
    19(O )  -0.3464  -0.3508  -0.2669   0.0796   0.0043   0.0420  -0.0752
    20(O )  -0.3465  -0.3508  -0.2669   0.0796   0.0043   0.0420  -0.0752
    21(O )  -0.4079  -0.4303  -0.3005   0.1074   0.0224   0.0649  -0.0850
    22(O )  -0.4079  -0.4303  -0.3006   0.1073   0.0224   0.0649  -0.0849
    23(N )  -0.0742  -0.0849  -0.0588   0.0155   0.0107   0.0131  -0.0048
    24(H )   0.1311   0.0647   0.1483   0.0172   0.0664   0.0418   0.0491
    25(H )   0.1427   0.0640   0.1592   0.0164   0.0787   0.0476   0.0622
    26(N )  -0.0742  -0.0849  -0.0588   0.0155   0.0107   0.0131  -0.0048
    27(H )   0.1311   0.0647   0.1483   0.0172   0.0664   0.0418   0.0492
    28(H )   0.1428   0.0641   0.1592   0.0164   0.0787   0.0476   0.0622
    29(Pt)   0.2500   0.1348   0.4369   0.1869   0.1152   0.1511  -0.0717
    30(O )  -0.2516  -0.2609  -0.2218   0.0298   0.0094   0.0196  -0.0204
    31(O )  -0.2673  -0.2696  -0.2434   0.0240   0.0023   0.0131  -0.0217
    32(H )   0.1744   0.1549   0.1983   0.0239   0.0195   0.0217  -0.0044
    33(O )  -0.2673  -0.2696  -0.2434   0.0240   0.0023   0.0131  -0.0217
    34(H )   0.1744   0.1549   0.1983   0.0239   0.0195   0.0217  -0.0044
 
 Condensed local electrophilicity/nucleophilicity index (e*eV)
     Atom              Electrophilicity          Nucleophilicity
     1(P )                  0.02157                  0.12787
     2(P )                  0.02157                  0.12783
     3(C )                  0.01308                  0.01046
     4(H )                  0.05941                  0.02223
     5(C )                  0.01307                  0.01047
     6(H )                  0.05938                  0.02222
     7(C )                  0.01591                  0.01592
     8(H )                  0.03470                  0.02846
     9(H )                  0.03848                  0.01741
    10(C )                  0.00923                  0.01742
    11(H )                  0.01826                  0.01644
    12(H )                  0.01854                  0.03763
    13(C )                  0.00923                  0.01742
    14(H )                  0.01854                  0.03762
    15(H )                  0.01825                  0.01645
    16(C )                  0.01591                  0.01592
    17(H )                  0.03470                  0.02846
    18(H )                  0.03848                  0.01740
    19(O )                  0.00457                  0.21707
    20(O )                  0.00457                  0.21705
    21(O )                  0.02360                  0.29292
    22(O )                  0.02360                  0.29282
    23(N )                  0.01125                  0.04218
    24(H )                  0.06991                  0.04701
    25(H )                  0.08290                  0.04487
    26(N )                  0.01125                  0.04218
    27(H )                  0.06995                  0.04702
    28(H )                  0.08287                  0.04486
    29(Pt)                  0.12137                  0.50980
    30(O )                  0.00985                  0.08116
    31(O )                  0.00238                  0.06534
    32(H )                  0.02056                  0.06513
    33(O )                  0.00238                  0.06537
    34(H )                  0.02055                  0.06513
 
 Condensed local softness (e/Hartree), relative electrophilicity/nucleophilicity (dimensionless) and condensed local hyper-softness (e/Hartree^2)
     Atom         s-          s+          s0        s+/s-       s-/s+       s(2)
     1(P )      0.1579      0.0689      0.1134      0.4367      2.2899     -0.2995
     2(P )      0.1578      0.0690      0.1134      0.4369      2.2890     -0.2993
     3(C )      0.0129      0.0418      0.0274      3.2356      0.3091      0.0973
     4(H )      0.0274      0.1899      0.1087      6.9207      0.1445      0.5472
     5(C )      0.0129      0.0418      0.0274      3.2342      0.3092      0.0972
     6(H )      0.0274      0.1898      0.1086      6.9211      0.1445      0.5470
     7(C )      0.0197      0.0509      0.0353      2.5875      0.3865      0.1051
     8(H )      0.0351      0.1109      0.0730      3.1567      0.3168      0.2552
     9(H )      0.0215      0.1230      0.0722      5.7238      0.1747      0.3419
    10(C )      0.0215      0.0295      0.0255      1.3713      0.7292      0.0269
    11(H )      0.0203      0.0584      0.0393      2.8767      0.3476      0.1283
    12(H )      0.0465      0.0593      0.0529      1.2763      0.7835      0.0432
    13(C )      0.0215      0.0295      0.0255      1.3711      0.7294      0.0269
    14(H )      0.0464      0.0593      0.0529      1.2763      0.7835      0.0432
    15(H )      0.0203      0.0584      0.0393      2.8736      0.3480      0.1281
    16(C )      0.0197      0.0509      0.0353      2.5880      0.3864      0.1051
    17(H )      0.0351      0.1109      0.0730      3.1570      0.3168      0.2552
    18(H )      0.0215      0.1230      0.0722      5.7278      0.1746      0.3420
    19(O )      0.2680      0.0146      0.1413      0.0545     18.3470     -0.8533
    20(O )      0.2680      0.0146      0.1413      0.0545     18.3435     -0.8533
    21(O )      0.3616      0.0755      0.2185      0.2086      4.7930     -0.9638
    22(O )      0.3615      0.0754      0.2185      0.2087      4.7915     -0.9634
    23(N )      0.0521      0.0360      0.0440      0.6906      1.4481     -0.0543
    24(H )      0.0580      0.2235      0.1408      3.8504      0.2597      0.5572
    25(H )      0.0554      0.2650      0.1602      4.7843      0.2090      0.7060
    26(N )      0.0521      0.0360      0.0440      0.6907      1.4477     -0.0542
    27(H )      0.0581      0.2236      0.1408      3.8519      0.2596      0.5576
    28(H )      0.0554      0.2649      0.1602      4.7834      0.2091      0.7057
    29(Pt)      0.6294      0.3880      0.5087      0.6165      1.6222     -0.8130
    30(O )      0.1002      0.0315      0.0658      0.3144      3.1809     -0.2313
    31(O )      0.0807      0.0076      0.0441      0.0944     10.5878     -0.2460
    32(H )      0.0804      0.0657      0.0731      0.8173      1.2236     -0.0495
    33(O )      0.0807      0.0076      0.0442      0.0943     10.6054     -0.2461
    34(H )      0.0804      0.0657      0.0731      0.8172      1.2237     -0.0495
 
 E(N):    -1676.787565 Hartree
 E(N+1):    -1676.790720 Hartree
 E(N-1):    -1676.487471 Hartree
 E_HOMO(N):     -0.234955 Hartree,   -6.3935 eV
 E_HOMO(N+1):    0.033809 Hartree,    0.9200 eV
 E_HOMO(N-1):   -0.394343 Hartree,  -10.7306 eV
 First vertical IP:     0.300094 Hartree,    8.1660 eV
 First vertical EA:     0.003155 Hartree,    0.0859 eV
 Mulliken electronegativity:     0.151625 Hartree,    4.1259 eV
 Chemical potential:            -0.151625 Hartree,   -4.1259 eV
 Hardness (=fundamental gap):    0.296939 Hartree,    8.0801 eV
 Softness:      3.367696 Hartree^-1,    0.1238 eV^-1
 Softness^2:   11.341378 Hartree^-2,    0.0153 eV^-2
 Electrophilicity index:    0.038712 Hartree,    1.0534 eV
 Nucleophilicity index:     0.100243 Hartree,    2.7277 eV
