 Note: the E(HOMO) of TCE used for evaluating nucleophilicity index is the value evaluated at B3LYP/6-31G* level
 
 Hirshfeld charges, condensed Fukui functions and condensed dual descriptors
 Units used below are "e" (elementary charge)
     Atom     q(N)    q(N+1)   q(N-1)     f-       f+       f0      CDD
     1(P )   0.5070   0.4862   0.5391   0.0320   0.0209   0.0265  -0.0112
     2(P )   0.5113   0.4924   0.5677   0.0564   0.0189   0.0376  -0.0375
     3(C )   0.0341   0.0187   0.0377   0.0036   0.0154   0.0095   0.0118
     4(H )   0.0399  -0.0343   0.0500   0.0100   0.0742   0.0421   0.0642
     5(C )   0.0334   0.0248   0.0365   0.0030   0.0086   0.0058   0.0056
     6(H )   0.0451   0.0127   0.0498   0.0047   0.0324   0.0186   0.0277
     7(C )  -0.0448  -0.0603  -0.0385   0.0063   0.0155   0.0109   0.0092
     8(H )   0.0386   0.0065   0.0487   0.0100   0.0322   0.0211   0.0221
     9(H )   0.0333  -0.0077   0.0414   0.0081   0.0410   0.0245   0.0329
    10(C )  -0.0405  -0.0491  -0.0338   0.0067   0.0087   0.0077   0.0020
    11(H )   0.0308   0.0138   0.0378   0.0070   0.0170   0.0120   0.0100
    12(H )   0.0404   0.0231   0.0545   0.0141   0.0173   0.0157   0.0032
    13(C )  -0.0400  -0.0484  -0.0338   0.0062   0.0084   0.0073   0.0023
    14(H )   0.0407   0.0234   0.0547   0.0140   0.0173   0.0156   0.0033
    15(H )   0.0331   0.0168   0.0381   0.0050   0.0163   0.0106   0.0113
    16(C )  -0.0438  -0.0575  -0.0384   0.0054   0.0137   0.0096   0.0083
    17(H )   0.0374   0.0056   0.0484   0.0110   0.0318   0.0214   0.0208
    18(H )   0.0378   0.0085   0.0424   0.0046   0.0293   0.0169   0.0248
    19(O )  -0.3423  -0.3498  -0.2722   0.0700   0.0075   0.0388  -0.0625
    20(O )  -0.3477  -0.3548  -0.2500   0.0977   0.0071   0.0524  -0.0906
    21(O )  -0.4111  -0.4218  -0.3486   0.0625   0.0107   0.0366  -0.0518
    22(O )  -0.3898  -0.4142  -0.2638   0.1260   0.0244   0.0752  -0.1016
    23(N )  -0.0712  -0.0812  -0.0589   0.0123   0.0100   0.0111  -0.0023
    24(H )   0.1339   0.0985   0.1440   0.0101   0.0354   0.0227   0.0253
    25(H )   0.1423   0.0551   0.1609   0.0186   0.0871   0.0529   0.0685
    26(N )  -0.0758  -0.0878  -0.0585   0.0173   0.0120   0.0146  -0.0053
    27(H )   0.1292   0.0288   0.1500   0.0208   0.1004   0.0606   0.0796
    28(H )   0.1415   0.0776   0.1563   0.0148   0.0639   0.0393   0.0492
    29(Pt)   0.2638   0.1319   0.4362   0.1724   0.1319   0.1522  -0.0405
    30(O )  -0.2505  -0.2613  -0.2146   0.0360   0.0108   0.0234  -0.0252
    31(O )  -0.2844  -0.2926  -0.2210   0.0633   0.0082   0.0358  -0.0551
    32(H )   0.1120   0.1005   0.1294   0.0175   0.0115   0.0145  -0.0060
    33(O )  -0.2307  -0.2436  -0.1985   0.0322   0.0129   0.0226  -0.0192
    34(H )   0.1870   0.1715   0.2074   0.0204   0.0154   0.0179  -0.0050
 
 Condensed local electrophilicity/nucleophilicity index (e*eV)
     Atom              Electrophilicity          Nucleophilicity
     1(P )                  0.02202                  0.08694
     2(P )                  0.01995                  0.15300
     3(C )                  0.01630                  0.00973
     4(H )                  0.07839                  0.02720
     5(C )                  0.00910                  0.00818
     6(H )                  0.03421                  0.01280
     7(C )                  0.01635                  0.01709
     8(H )                  0.03397                  0.02725
     9(H )                  0.04327                  0.02187
    10(C )                  0.00914                  0.01814
    11(H )                  0.01795                  0.01896
    12(H )                  0.01827                  0.03818
    13(C )                  0.00890                  0.01675
    14(H )                  0.01827                  0.03790
    15(H )                  0.01721                  0.01353
    16(C )                  0.01449                  0.01460
    17(H )                  0.03360                  0.02990
    18(H )                  0.03096                  0.01235
    19(O )                  0.00796                  0.18995
    20(O )                  0.00749                  0.26515
    21(O )                  0.01130                  0.16958
    22(O )                  0.02576                  0.34187
    23(N )                  0.01052                  0.03338
    24(H )                  0.03737                  0.02743
    25(H )                  0.09200                  0.05055
    26(N )                  0.01264                  0.04684
    27(H )                  0.10605                  0.05651
    28(H )                  0.06749                  0.04006
    29(Pt)                  0.13929                  0.46785
    30(O )                  0.01138                  0.09755
    31(O )                  0.00865                  0.17184
    32(H )                  0.01216                  0.04739
    33(O )                  0.01365                  0.08729
    34(H )                  0.01628                  0.05538
 
 Condensed local softness (e/Hartree), relative electrophilicity/nucleophilicity (dimensionless) and condensed local hyper-softness (e/Hartree^2)
     Atom         s-          s+          s0        s+/s-       s-/s+       s(2)
     1(P )      0.1072      0.0698      0.0885      0.6509      1.5362     -0.1252
     2(P )      0.1887      0.0632      0.1259      0.3350      2.9849     -0.4197
     3(C )      0.0120      0.0516      0.0318      4.3040      0.2323      0.1326
     4(H )      0.0335      0.2484      0.1410      7.4065      0.1350      0.7188
     5(C )      0.0101      0.0288      0.0195      2.8588      0.3498      0.0627
     6(H )      0.0158      0.1084      0.0621      6.8698      0.1456      0.3098
     7(C )      0.0211      0.0518      0.0364      2.4583      0.4068      0.1028
     8(H )      0.0336      0.1076      0.0706      3.2038      0.3121      0.2477
     9(H )      0.0270      0.1371      0.0820      5.0845      0.1967      0.3685
    10(C )      0.0224      0.0290      0.0257      1.2943      0.7726      0.0220
    11(H )      0.0234      0.0569      0.0401      2.4316      0.4112      0.1120
    12(H )      0.0471      0.0579      0.0525      1.2297      0.8132      0.0362
    13(C )      0.0206      0.0282      0.0244      1.3656      0.7323      0.0253
    14(H )      0.0467      0.0579      0.0523      1.2391      0.8070      0.0374
    15(H )      0.0167      0.0545      0.0356      3.2694      0.3059      0.1267
    16(C )      0.0180      0.0459      0.0320      2.5498      0.3922      0.0933
    17(H )      0.0369      0.1065      0.0717      2.8881      0.3462      0.2329
    18(H )      0.0152      0.0981      0.0567      6.4387      0.1553      0.2772
    19(O )      0.2342      0.0252      0.1297      0.1076      9.2899     -0.6993
    20(O )      0.3270      0.0237      0.1753      0.0726     13.7766     -1.0145
    21(O )      0.2091      0.0358      0.1225      0.1712      5.8405     -0.5798
    22(O )      0.4216      0.0816      0.2516      0.1937      5.1639     -1.1372
    23(N )      0.0412      0.0333      0.0372      0.8097      1.2351     -0.0262
    24(H )      0.0338      0.1184      0.0761      3.5010      0.2856      0.2830
    25(H )      0.0623      0.2915      0.1769      4.6771      0.2138      0.7668
    26(N )      0.0578      0.0401      0.0489      0.6936      1.4417     -0.0592
    27(H )      0.0697      0.3360      0.2029      4.8226      0.2074      0.8911
    28(H )      0.0494      0.2138      0.1316      4.3285      0.2310      0.5501
    29(Pt)      0.5769      0.4414      0.5091      0.7651      1.3071     -0.4534
    30(O )      0.1203      0.0361      0.0782      0.2999      3.3347     -0.2818
    31(O )      0.2119      0.0274      0.1197      0.1293      7.7313     -0.6172
    32(H )      0.0584      0.0385      0.0485      0.6592      1.5170     -0.0666
    33(O )      0.1076      0.0433      0.0755      0.4019      2.4879     -0.2154
    34(H )      0.0683      0.0516      0.0599      0.7553      1.3240     -0.0559
 
 E(N):    -1676.797370 Hartree
 E(N+1):    -1676.800222 Hartree
 E(N-1):    -1676.495620 Hartree
 E_HOMO(N):     -0.235490 Hartree,   -6.4080 eV
 E_HOMO(N+1):    0.035256 Hartree,    0.9594 eV
 E_HOMO(N-1):   -0.414165 Hartree,  -11.2700 eV
 First vertical IP:     0.301750 Hartree,    8.2110 eV
 First vertical EA:     0.002852 Hartree,    0.0776 eV
 Mulliken electronegativity:     0.152301 Hartree,    4.1443 eV
 Chemical potential:            -0.152301 Hartree,   -4.1443 eV
 Hardness (=fundamental gap):    0.298898 Hartree,    8.1334 eV
 Softness:      3.345621 Hartree^-1,    0.1229 eV^-1
 Softness^2:   11.193180 Hartree^-2,    0.0151 eV^-2
 Electrophilicity index:    0.038802 Hartree,    1.0559 eV
 Nucleophilicity index:     0.099708 Hartree,    2.7132 eV
