 Note: the E(HOMO) of TCE used for evaluating nucleophilicity index is the value evaluated at B3LYP/6-31G* level
 
 Hirshfeld charges, condensed Fukui functions and condensed dual descriptors
 Units used below are "e" (elementary charge)
     Atom     q(N)    q(N+1)   q(N-1)     f-       f+       f0      CDD
     1(Pt)   0.5434   0.4203   0.6291   0.0857   0.1232   0.1044   0.0374
     2(O )  -0.3750  -0.4085  -0.2139   0.1611   0.0335   0.0973  -0.1276
     3(H )   0.1042   0.0792   0.1598   0.0556   0.0250   0.0403  -0.0307
     4(O )  -0.3685  -0.4005  -0.1857   0.1828   0.0320   0.1074  -0.1508
     5(H )   0.1064   0.0823   0.1662   0.0598   0.0241   0.0420  -0.0357
     6(Cl)  -0.2836  -0.4704  -0.1908   0.0928   0.1868   0.1398   0.0940
     7(Cl)  -0.2781  -0.4579  -0.1722   0.1059   0.1798   0.1429   0.0739
     8(N )  -0.0652  -0.1001  -0.0582   0.0070   0.0350   0.0210   0.0280
     9(C )   0.0424   0.0362   0.0450   0.0026   0.0062   0.0044   0.0036
    10(H )   0.1160   0.0937   0.1270   0.0111   0.0222   0.0167   0.0111
    11(N )  -0.0667  -0.1045  -0.0601   0.0065   0.0379   0.0222   0.0313
    12(H )   0.1174   0.0939   0.1289   0.0115   0.0235   0.0175   0.0120
    13(H )   0.1191   0.0953   0.1315   0.0125   0.0237   0.0181   0.0113
    14(H )   0.1185   0.0938   0.1305   0.0120   0.0247   0.0184   0.0127
    15(C )   0.0468   0.0369   0.0514   0.0046   0.0099   0.0072   0.0052
    16(C )  -0.0926  -0.0997  -0.0805   0.0121   0.0071   0.0096  -0.0050
    17(C )  -0.0893  -0.0958  -0.0829   0.0064   0.0065   0.0065   0.0002
    18(H )   0.0329   0.0061   0.0560   0.0232   0.0268   0.0250   0.0036
    19(H )   0.0354   0.0133   0.0583   0.0229   0.0221   0.0225  -0.0008
    20(H )   0.0300   0.0208   0.0425   0.0124   0.0093   0.0108  -0.0032
    21(H )   0.0287   0.0260   0.0281  -0.0006   0.0027   0.0010   0.0034
    22(H )   0.0320   0.0291   0.0297  -0.0024   0.0030   0.0003   0.0053
    23(H )   0.0236   0.0159   0.0335   0.0100   0.0077   0.0088  -0.0023
    24(H )   0.0419   0.0201   0.0617   0.0198   0.0218   0.0208   0.0020
    25(H )   0.0414   0.0337   0.0443   0.0029   0.0077   0.0053   0.0048
    26(C )  -0.0874  -0.0932  -0.0820   0.0054   0.0058   0.0056   0.0004
    27(C )  -0.0819  -0.0943  -0.0715   0.0103   0.0124   0.0114   0.0021
    28(H )   0.0387   0.0287   0.0476   0.0089   0.0100   0.0094   0.0011
    29(H )   0.0435   0.0199   0.0615   0.0180   0.0236   0.0208   0.0056
    30(H )   0.0299   0.0159   0.0419   0.0120   0.0140   0.0130   0.0019
    31(H )   0.0236   0.0136   0.0349   0.0113   0.0100   0.0106  -0.0013
    32(H )   0.0430   0.0226   0.0614   0.0184   0.0204   0.0194   0.0020
    33(H )   0.0294   0.0278   0.0270  -0.0024   0.0016  -0.0004   0.0040
 
 Condensed local electrophilicity/nucleophilicity index (e*eV)
     Atom              Electrophilicity          Nucleophilicity
     1(Pt)                  0.17748                  0.23705
     2(O )                  0.04827                  0.44555
     3(H )                  0.03599                  0.15386
     4(O )                  0.04609                  0.50551
     5(H )                  0.03474                  0.16541
     6(Cl)                  0.26921                  0.25660
     7(Cl)                  0.25916                  0.29286
     8(N )                  0.05040                  0.01929
     9(C )                  0.00896                  0.00723
    10(H )                  0.03202                  0.03069
    11(N )                  0.05456                  0.01810
    12(H )                  0.03387                  0.03170
    13(H )                  0.03420                  0.03448
    14(H )                  0.03559                  0.03327
    15(C )                  0.01422                  0.01279
    16(C )                  0.01022                  0.03334
    17(C )                  0.00941                  0.01762
    18(H )                  0.03863                  0.06408
    19(H )                  0.03179                  0.06335
    20(H )                  0.01333                  0.03442
    21(H )                  0.00394                 -0.00177
    22(H )                  0.00425                 -0.00659
    23(H )                  0.01106                  0.02755
    24(H )                  0.03139                  0.05478
    25(H )                  0.01104                  0.00796
    26(C )                  0.00836                  0.01499
    27(C )                  0.01793                  0.02861
    28(H )                  0.01441                  0.02454
    29(H )                  0.03395                  0.04977
    30(H )                  0.02013                  0.03328
    31(H )                  0.01440                  0.03118
    32(H )                  0.02933                  0.05080
    33(H )                  0.00230                 -0.00669
 
 Condensed local softness (e/Hartree), relative electrophilicity/nucleophilicity (dimensionless) and condensed local hyper-softness (e/Hartree^2)
     Atom         s-          s+          s0        s+/s-       s-/s+       s(2)
     1(Pt)      0.3166      0.4550      0.3858      1.4370      0.6959      0.5111
     2(O )      0.5951      0.1237      0.3594      0.2079      4.8099     -1.7414
     3(H )      0.2055      0.0922      0.1489      0.4489      2.2278     -0.4184
     4(O )      0.6752      0.1182      0.3967      0.1750      5.7145     -2.0579
     5(H )      0.2209      0.0891      0.1550      0.4031      2.4809     -0.4872
     6(Cl)      0.3427      0.6901      0.5164      2.0135      0.4966      1.2833
     7(Cl)      0.3912      0.6643      0.5277      1.6984      0.5888      1.0092
     8(N )      0.0258      0.1292      0.0775      5.0133      0.1995      0.3821
     9(C )      0.0097      0.0230      0.0163      2.3765      0.4208      0.0491
    10(H )      0.0410      0.0821      0.0615      2.0020      0.4995      0.1517
    11(N )      0.0242      0.1399      0.0820      5.7852      0.1729      0.4274
    12(H )      0.0423      0.0868      0.0646      2.0502      0.4878      0.1643
    13(H )      0.0461      0.0877      0.0669      1.9032      0.5254      0.1537
    14(H )      0.0444      0.0912      0.0678      2.0528      0.4871      0.1728
    15(C )      0.0171      0.0365      0.0268      2.1343      0.4685      0.0716
    16(C )      0.0445      0.0262      0.0354      0.5885      1.6992     -0.0677
    17(C )      0.0235      0.0241      0.0238      1.0251      0.9756      0.0022
    18(H )      0.0856      0.0990      0.0923      1.1569      0.8644      0.0496
    19(H )      0.0846      0.0815      0.0831      0.9630      1.0384     -0.0116
    20(H )      0.0460      0.0342      0.0401      0.7435      1.3449     -0.0436
    21(H )     -0.0024      0.0101      0.0039     -4.2693     -0.2342      0.0460
    22(H )     -0.0088      0.0109      0.0010     -1.2376     -0.8080      0.0728
    23(H )      0.0368      0.0284      0.0326      0.7707      1.2976     -0.0312
    24(H )      0.0732      0.0805      0.0768      1.0997      0.9094      0.0269
    25(H )      0.0106      0.0283      0.0195      2.6613      0.3758      0.0653
    26(C )      0.0200      0.0214      0.0207      1.0710      0.9337      0.0053
    27(C )      0.0382      0.0460      0.0421      1.2030      0.8313      0.0287
    28(H )      0.0328      0.0369      0.0349      1.1270      0.8873      0.0154
    29(H )      0.0665      0.0870      0.0768      1.3092      0.7638      0.0759
    30(H )      0.0444      0.0516      0.0480      1.1611      0.8613      0.0264
    31(H )      0.0416      0.0369      0.0393      0.8863      1.1282     -0.0175
    32(H )      0.0679      0.0752      0.0715      1.1081      0.9024      0.0271
    33(H )     -0.0089      0.0059     -0.0015     -0.6587     -1.5182      0.0548
 
 E(N):    -1540.628718 Hartree
 E(N+1):    -1540.662705 Hartree
 E(N-1):    -1540.324048 Hartree
 E_HOMO(N):     -0.233551 Hartree,   -6.3552 eV
 E_HOMO(N+1):    0.028218 Hartree,    0.7678 eV
 E_HOMO(N-1):   -0.428421 Hartree,  -11.6579 eV
 First vertical IP:     0.304670 Hartree,    8.2905 eV
 First vertical EA:     0.033987 Hartree,    0.9248 eV
 Mulliken electronegativity:     0.169328 Hartree,    4.6077 eV
 Chemical potential:            -0.169328 Hartree,   -4.6077 eV
 Hardness (=fundamental gap):    0.270683 Hartree,    7.3657 eV
 Softness:      3.694361 Hartree^-1,    0.1358 eV^-1
 Softness^2:   13.648304 Hartree^-2,    0.0184 eV^-2
 Electrophilicity index:    0.052962 Hartree,    1.4412 eV
 Nucleophilicity index:     0.101647 Hartree,    2.7660 eV
