 Note: the E(HOMO) of TCE used for evaluating nucleophilicity index is the value evaluated at B3LYP/6-31G* level
 
 Hirshfeld charges, condensed Fukui functions and condensed dual descriptors
 Units used below are "e" (elementary charge)
     Atom     q(N)    q(N+1)   q(N-1)     f-       f+       f0      CDD
     1(Pt)   0.5417   0.4178   0.6300   0.0883   0.1238   0.1061   0.0355
     2(O )  -0.3709  -0.4038  -0.2168   0.1541   0.0329   0.0935  -0.1213
     3(H )   0.1068   0.0821   0.1605   0.0537   0.0247   0.0392  -0.0291
     4(O )  -0.3752  -0.4084  -0.1865   0.1887   0.0332   0.1109  -0.1556
     5(H )   0.1075   0.0825   0.1697   0.0622   0.0250   0.0436  -0.0373
     6(Cl)  -0.2887  -0.4733  -0.1817   0.1071   0.1846   0.1458   0.0775
     7(Cl)  -0.2874  -0.4709  -0.1915   0.0959   0.1835   0.1397   0.0876
     8(N )  -0.0634  -0.0998  -0.0574   0.0060   0.0364   0.0212   0.0304
     9(C )   0.0421   0.0358   0.0449   0.0028   0.0063   0.0046   0.0035
    10(H )   0.1154   0.0932   0.1261   0.0106   0.0222   0.0164   0.0116
    11(N )  -0.0687  -0.1065  -0.0596   0.0090   0.0379   0.0234   0.0288
    12(H )   0.1148   0.0901   0.1272   0.0124   0.0247   0.0186   0.0123
    13(H )   0.1119   0.0899   0.1267   0.0148   0.0220   0.0184   0.0072
    14(H )   0.1220   0.0960   0.1353   0.0133   0.0260   0.0197   0.0127
    15(C )   0.0437   0.0368   0.0457   0.0019   0.0070   0.0045   0.0050
    16(C )  -0.0823  -0.0949  -0.0715   0.0108   0.0127   0.0117   0.0019
    17(C )  -0.0921  -0.0984  -0.0820   0.0101   0.0063   0.0082  -0.0038
    18(H )   0.0293   0.0229   0.0332   0.0040   0.0064   0.0052   0.0024
    19(H )   0.0424   0.0184   0.0606   0.0182   0.0240   0.0211   0.0057
    20(H )   0.0348   0.0248   0.0438   0.0090   0.0100   0.0095   0.0010
    21(H )   0.0359   0.0228   0.0474   0.0114   0.0131   0.0123   0.0017
    22(H )   0.0322   0.0203   0.0459   0.0137   0.0119   0.0128  -0.0018
    23(H )   0.0283   0.0257   0.0270  -0.0013   0.0026   0.0006   0.0039
    24(H )   0.0354   0.0155   0.0565   0.0211   0.0199   0.0205  -0.0011
    25(H )   0.0415   0.0336   0.0443   0.0027   0.0080   0.0053   0.0052
    26(C )  -0.0859  -0.0912  -0.0811   0.0049   0.0053   0.0051   0.0005
    27(C )  -0.0816  -0.0940  -0.0715   0.0101   0.0124   0.0112   0.0023
    28(H )   0.0435   0.0202   0.0614   0.0178   0.0234   0.0206   0.0056
    29(H )   0.0298   0.0160   0.0419   0.0121   0.0138   0.0130   0.0017
    30(H )   0.0393   0.0294   0.0478   0.0085   0.0099   0.0092   0.0014
    31(H )   0.0433   0.0236   0.0608   0.0175   0.0197   0.0186   0.0022
    32(H )   0.0297   0.0297   0.0262  -0.0034  -0.0001  -0.0018   0.0034
    33(H )   0.0248   0.0143   0.0365   0.0117   0.0105   0.0111  -0.0012
 
 Condensed local electrophilicity/nucleophilicity index (e*eV)
     Atom              Electrophilicity          Nucleophilicity
     1(Pt)                  0.17728                  0.24192
     2(O )                  0.04707                  0.42232
     3(H )                  0.03534                  0.14726
     4(O )                  0.04746                  0.51710
     5(H )                  0.03572                  0.17047
     6(Cl)                  0.26422                  0.29334
     7(Cl)                  0.26265                  0.26275
     8(N )                  0.05212                  0.01641
     9(C )                  0.00903                  0.00769
    10(H )                  0.03183                  0.02908
    11(N )                  0.05419                  0.02472
    12(H )                  0.03535                  0.03405
    13(H )                  0.03149                  0.04058
    14(H )                  0.03724                  0.03644
    15(C )                  0.00997                  0.00531
    16(C )                  0.01811                  0.02952
    17(C )                  0.00908                  0.02775
    18(H )                  0.00913                  0.01084
    19(H )                  0.03428                  0.04988
    20(H )                  0.01429                  0.02467
    21(H )                  0.01877                  0.03136
    22(H )                  0.01697                  0.03752
    23(H )                  0.00369                 -0.00354
    24(H )                  0.02854                  0.05772
    25(H )                  0.01141                  0.00747
    26(C )                  0.00762                  0.01331
    27(C )                  0.01768                  0.02762
    28(H )                  0.03347                  0.04881
    29(H )                  0.01981                  0.03320
    30(H )                  0.01414                  0.02330
    31(H )                  0.02818                  0.04793
    32(H )                 -0.00011                 -0.00940
    33(H )                  0.01498                  0.03208
 
 Condensed local softness (e/Hartree), relative electrophilicity/nucleophilicity (dimensionless) and condensed local hyper-softness (e/Hartree^2)
     Atom         s-          s+          s0        s+/s-       s-/s+       s(2)
     1(Pt)      0.3236      0.4539      0.3888      1.4026      0.7130      0.4775
     2(O )      0.5650      0.1205      0.3427      0.2133      4.6878     -1.6290
     3(H )      0.1970      0.0905      0.1437      0.4593      2.1772     -0.3904
     4(O )      0.6918      0.1215      0.4066      0.1757      5.6919     -2.0900
     5(H )      0.2280      0.0915      0.1597      0.4010      2.4936     -0.5006
     6(Cl)      0.3924      0.6765      0.5345      1.7240      0.5800      1.0414
     7(Cl)      0.3515      0.6725      0.5120      1.9133      0.5226      1.1766
     8(N )      0.0220      0.1335      0.0777      6.0790      0.1645      0.4087
     9(C )      0.0103      0.0231      0.0167      2.2460      0.4452      0.0470
    10(H )      0.0389      0.0815      0.0602      2.0954      0.4772      0.1562
    11(N )      0.0331      0.1388      0.0859      4.1959      0.2383      0.3873
    12(H )      0.0455      0.0905      0.0680      1.9873      0.5032      0.1648
    13(H )      0.0543      0.0806      0.0675      1.4851      0.6734      0.0965
    14(H )      0.0487      0.0953      0.0720      1.9559      0.5113      0.1708
    15(C )      0.0071      0.0255      0.0163      3.5935      0.2783      0.0675
    16(C )      0.0395      0.0464      0.0429      1.1740      0.8518      0.0252
    17(C )      0.0371      0.0233      0.0302      0.6266      1.5960     -0.0508
    18(H )      0.0145      0.0234      0.0189      1.6131      0.6199      0.0326
    19(H )      0.0667      0.0878      0.0773      1.3154      0.7602      0.0771
    20(H )      0.0330      0.0366      0.0348      1.1090      0.9017      0.0132
    21(H )      0.0419      0.0481      0.0450      1.1455      0.8729      0.0224
    22(H )      0.0502      0.0434      0.0468      0.8655      1.1554     -0.0247
    23(H )     -0.0047      0.0094      0.0024     -1.9955     -0.5011      0.0520
    24(H )      0.0772      0.0731      0.0751      0.9463      1.0567     -0.0152
    25(H )      0.0100      0.0292      0.0196      2.9221      0.3422      0.0704
    26(C )      0.0178      0.0195      0.0187      1.0967      0.9119      0.0063
    27(C )      0.0370      0.0453      0.0411      1.2254      0.8161      0.0305
    28(H )      0.0653      0.0857      0.0755      1.3128      0.7617      0.0749
    29(H )      0.0444      0.0507      0.0476      1.1418      0.8758      0.0231
    30(H )      0.0312      0.0362      0.0337      1.1616      0.8609      0.0185
    31(H )      0.0641      0.0722      0.0681      1.1255      0.8885      0.0295
    32(H )     -0.0126     -0.0003     -0.0064      0.0228     43.9460      0.0451
    33(H )      0.0429      0.0384      0.0406      0.8937      1.1189     -0.0167
 
 E(N):    -1540.628354 Hartree
 E(N+1):    -1540.661358 Hartree
 E(N-1):    -1540.322513 Hartree
 E_HOMO(N):     -0.234513 Hartree,   -6.3814 eV
 E_HOMO(N+1):    0.029181 Hartree,    0.7941 eV
 E_HOMO(N-1):   -0.428534 Hartree,  -11.6610 eV
 First vertical IP:     0.305841 Hartree,    8.3224 eV
 First vertical EA:     0.033004 Hartree,    0.8981 eV
 Mulliken electronegativity:     0.169423 Hartree,    4.6102 eV
 Chemical potential:            -0.169423 Hartree,   -4.6102 eV
 Hardness (=fundamental gap):    0.272838 Hartree,    7.4243 eV
 Softness:      3.665184 Hartree^-1,    0.1347 eV^-1
 Softness^2:   13.433577 Hartree^-2,    0.0181 eV^-2
 Electrophilicity index:    0.052603 Hartree,    1.4314 eV
 Nucleophilicity index:     0.100685 Hartree,    2.7398 eV
