 Note: the E(HOMO) of TCE used for evaluating nucleophilicity index is the value evaluated at B3LYP/6-31G* level
 
 Hirshfeld charges, condensed Fukui functions and condensed dual descriptors
 Units used below are "e" (elementary charge)
     Atom     q(N)    q(N+1)   q(N-1)     f-       f+       f0      CDD
     1(Pt)   0.5443   0.4218   0.6206   0.0763   0.1226   0.0994   0.0463
     2(O )  -0.3433  -0.3752  -0.1313   0.2120   0.0319   0.1220  -0.1801
     3(H )   0.1097   0.0873   0.1743   0.0646   0.0224   0.0435  -0.0422
     4(O )  -0.3889  -0.4217  -0.2660   0.1228   0.0328   0.0778  -0.0900
     5(H )   0.1098   0.0837   0.1565   0.0467   0.0261   0.0364  -0.0207
     6(Cl)  -0.2770  -0.4628  -0.1741   0.1029   0.1858   0.1443   0.0829
     7(Cl)  -0.2718  -0.4515  -0.1844   0.0874   0.1798   0.1336   0.0924
     8(N )  -0.0673  -0.1046  -0.0604   0.0069   0.0373   0.0221   0.0304
     9(C )   0.0463   0.0366   0.0509   0.0046   0.0098   0.0072   0.0052
    10(H )   0.1170   0.0941   0.1285   0.0116   0.0229   0.0172   0.0113
    11(N )  -0.0680  -0.1038  -0.0596   0.0085   0.0357   0.0221   0.0273
    12(H )   0.1143   0.0896   0.1267   0.0124   0.0248   0.0186   0.0124
    13(H )   0.1105   0.0894   0.1253   0.0147   0.0212   0.0179   0.0064
    14(H )   0.1219   0.0963   0.1373   0.0154   0.0256   0.0205   0.0102
    15(C )   0.0404   0.0328   0.0425   0.0022   0.0075   0.0048   0.0054
    16(C )  -0.0832  -0.0960  -0.0713   0.0119   0.0128   0.0124   0.0009
    17(C )  -0.0928  -0.0989  -0.0798   0.0130   0.0061   0.0095  -0.0069
    18(H )   0.0306   0.0233   0.0353   0.0047   0.0073   0.0060   0.0026
    19(H )   0.0358   0.0248   0.0470   0.0112   0.0110   0.0111  -0.0001
    20(H )   0.0278   0.0134   0.0399   0.0122   0.0143   0.0133   0.0022
    21(H )   0.0436   0.0200   0.0619   0.0183   0.0236   0.0210   0.0053
    22(H )   0.0235   0.0117   0.0384   0.0148   0.0119   0.0134  -0.0030
    23(H )   0.0278   0.0259   0.0263  -0.0015   0.0019   0.0002   0.0034
    24(H )   0.0376   0.0181   0.0597   0.0221   0.0195   0.0208  -0.0026
    25(H )   0.0331   0.0059   0.0571   0.0241   0.0272   0.0256   0.0031
    26(C )  -0.0920  -0.0992  -0.0781   0.0139   0.0071   0.0105  -0.0068
    27(C )  -0.0878  -0.0938  -0.0824   0.0054   0.0060   0.0057   0.0006
    28(H )   0.0427   0.0211   0.0618   0.0191   0.0216   0.0203   0.0024
    29(H )   0.0364   0.0360   0.0305  -0.0059   0.0005  -0.0027   0.0064
    30(H )   0.0233   0.0146   0.0342   0.0109   0.0086   0.0098  -0.0023
    31(H )   0.0289   0.0263   0.0281  -0.0008   0.0026   0.0009   0.0034
    32(H )   0.0358   0.0141   0.0591   0.0233   0.0217   0.0225  -0.0016
    33(H )   0.0309   0.0210   0.0454   0.0145   0.0099   0.0122  -0.0046
 
 Condensed local electrophilicity/nucleophilicity index (e*eV)
     Atom              Electrophilicity          Nucleophilicity
     1(Pt)                  0.17988                  0.20928
     2(O )                  0.04684                  0.58140
     3(H )                  0.03288                  0.17716
     4(O )                  0.04821                  0.33691
     5(H )                  0.03824                  0.12815
     6(Cl)                  0.27268                  0.28224
     7(Cl)                  0.26387                  0.23969
     8(N )                  0.05475                  0.01881
     9(C )                  0.01431                  0.01252
    10(H )                  0.03356                  0.03169
    11(N )                  0.05246                  0.02319
    12(H )                  0.03635                  0.03387
    13(H )                  0.03104                  0.04032
    14(H )                  0.03756                  0.04214
    15(C )                  0.01104                  0.00594
    16(C )                  0.01882                  0.03263
    17(C )                  0.00897                  0.03559
    18(H )                  0.01066                  0.01277
    19(H )                  0.01620                  0.03066
    20(H )                  0.02104                  0.03340
    21(H )                  0.03469                  0.05023
    22(H )                  0.01742                  0.04068
    23(H )                  0.00277                 -0.00405
    24(H )                  0.02860                  0.06050
    25(H )                  0.03988                  0.06597
    26(C )                  0.01046                  0.03823
    27(C )                  0.00879                  0.01491
    28(H )                  0.03165                  0.05245
    29(H )                  0.00071                 -0.01626
    30(H )                  0.01268                  0.03001
    31(H )                  0.00380                 -0.00221
    32(H )                  0.03185                  0.06380
    33(H )                  0.01447                  0.03964
 
 Condensed local softness (e/Hartree), relative electrophilicity/nucleophilicity (dimensionless) and condensed local hyper-softness (e/Hartree^2)
     Atom         s-          s+          s0        s+/s-       s-/s+       s(2)
     1(Pt)      0.2845      0.4570      0.3707      1.6061      0.6226      0.6429
     2(O )      0.7904      0.1190      0.4547      0.1505      6.6424     -2.5032
     3(H )      0.2408      0.0835      0.1622      0.3468      2.8836     -0.5866
     4(O )      0.4580      0.1225      0.2902      0.2674      3.7397     -1.2510
     5(H )      0.1742      0.0971      0.1357      0.5576      1.7935     -0.2874
     6(Cl)      0.3837      0.6927      0.5382      1.8053      0.5539      1.1520
     7(Cl)      0.3258      0.6703      0.4981      2.0571      0.4861      1.2843
     8(N )      0.0256      0.1391      0.0823      5.4396      0.1838      0.4232
     9(C )      0.0170      0.0364      0.0267      2.1366      0.4680      0.0721
    10(H )      0.0431      0.0853      0.0642      1.9787      0.5054      0.1572
    11(N )      0.0315      0.1333      0.0824      4.2272      0.2366      0.3793
    12(H )      0.0460      0.0923      0.0692      2.0053      0.4987      0.1726
    13(H )      0.0548      0.0789      0.0668      1.4387      0.6951      0.0897
    14(H )      0.0573      0.0954      0.0764      1.6658      0.6003      0.1422
    15(C )      0.0081      0.0281      0.0181      3.4751      0.2878      0.0745
    16(C )      0.0444      0.0478      0.0461      1.0779      0.9277      0.0129
    17(C )      0.0484      0.0228      0.0356      0.4708      2.1242     -0.0955
    18(H )      0.0174      0.0271      0.0222      1.5595      0.6412      0.0362
    19(H )      0.0417      0.0411      0.0414      0.9873      1.0129     -0.0020
    20(H )      0.0454      0.0534      0.0494      1.1770      0.8496      0.0300
    21(H )      0.0683      0.0881      0.0782      1.2906      0.7748      0.0740
    22(H )      0.0553      0.0442      0.0498      0.8000      1.2500     -0.0412
    23(H )     -0.0055      0.0070      0.0008     -1.2794     -0.7816      0.0468
    24(H )      0.0823      0.0727      0.0775      0.8833      1.1321     -0.0358
    25(H )      0.0897      0.1013      0.0955      1.1296      0.8853      0.0433
    26(C )      0.0520      0.0266      0.0393      0.5111      1.9565     -0.0947
    27(C )      0.0203      0.0223      0.0213      1.1018      0.9076      0.0077
    28(H )      0.0713      0.0804      0.0758      1.1276      0.8869      0.0339
    29(H )     -0.0221      0.0018     -0.0102     -0.0810    -12.3420      0.0891
    30(H )      0.0408      0.0322      0.0365      0.7897      1.2663     -0.0320
    31(H )     -0.0030      0.0097      0.0033     -3.2195     -0.3106      0.0472
    32(H )      0.0867      0.0809      0.0838      0.9329      1.0720     -0.0217
    33(H )      0.0539      0.0368      0.0453      0.6820      1.4662     -0.0639
 
 E(N):    -1540.626448 Hartree
 E(N+1):    -1540.662438 Hartree
 E(N-1):    -1540.322242 Hartree
 E_HOMO(N):     -0.234411 Hartree,   -6.3787 eV
 E_HOMO(N+1):    0.026190 Hartree,    0.7127 eV
 E_HOMO(N-1):   -0.421891 Hartree,  -11.4802 eV
 First vertical IP:     0.304206 Hartree,    8.2779 eV
 First vertical EA:     0.035991 Hartree,    0.9794 eV
 Mulliken electronegativity:     0.170098 Hartree,    4.6286 eV
 Chemical potential:            -0.170098 Hartree,   -4.6286 eV
 Hardness (=fundamental gap):    0.268215 Hartree,    7.2985 eV
 Softness:      3.728354 Hartree^-1,    0.1370 eV^-1
 Softness^2:   13.900624 Hartree^-2,    0.0188 eV^-2
 Electrophilicity index:    0.053937 Hartree,    1.4677 eV
 Nucleophilicity index:     0.100787 Hartree,    2.7426 eV
