 Note: the E(HOMO) of TCE used for evaluating nucleophilicity index is the value evaluated at B3LYP/6-31G* level
 
 Hirshfeld charges, condensed Fukui functions and condensed dual descriptors
 Units used below are "e" (elementary charge)
     Atom     q(N)    q(N+1)   q(N-1)     f-       f+       f0      CDD
     1(Pt)   0.5417   0.4174   0.6250   0.0833   0.1243   0.1038   0.0410
     2(O )  -0.3532  -0.3862  -0.1424   0.2108   0.0330   0.1219  -0.1778
     3(H )   0.1071   0.0836   0.1723   0.0653   0.0235   0.0444  -0.0417
     4(O )  -0.3928  -0.4261  -0.2597   0.1332   0.0333   0.0832  -0.0999
     5(H )   0.1089   0.0828   0.1585   0.0496   0.0261   0.0379  -0.0235
     6(Cl)  -0.2847  -0.4695  -0.1981   0.0867   0.1848   0.1357   0.0982
     7(Cl)  -0.2872  -0.4703  -0.1755   0.1116   0.1831   0.1474   0.0715
     8(N )  -0.0704  -0.1079  -0.0603   0.0101   0.0376   0.0238   0.0275
     9(C )   0.0428   0.0359   0.0450   0.0022   0.0069   0.0045   0.0047
    10(H )   0.1141   0.0896   0.1267   0.0127   0.0245   0.0186   0.0118
    11(N )  -0.0628  -0.0988  -0.0573   0.0055   0.0360   0.0208   0.0305
    12(H )   0.1224   0.0953   0.1367   0.0143   0.0271   0.0207   0.0128
    13(H )   0.1190   0.0971   0.1310   0.0120   0.0219   0.0169   0.0099
    14(H )   0.1117   0.0890   0.1281   0.0164   0.0227   0.0195   0.0063
    15(C )   0.0418   0.0353   0.0433   0.0015   0.0064   0.0040   0.0049
    16(C )  -0.0824  -0.0944  -0.0721   0.0103   0.0120   0.0111   0.0017
    17(C )  -0.0878  -0.0935  -0.0830   0.0047   0.0057   0.0052   0.0010
    18(H )   0.0376   0.0306   0.0380   0.0004   0.0070   0.0037   0.0066
    19(H )   0.0384   0.0290   0.0472   0.0088   0.0094   0.0091   0.0006
    20(H )   0.0284   0.0140   0.0419   0.0134   0.0144   0.0139   0.0010
    21(H )   0.0436   0.0205   0.0610   0.0174   0.0231   0.0202   0.0057
    22(H )   0.0223   0.0106   0.0364   0.0141   0.0117   0.0129  -0.0025
    23(H )   0.0344   0.0336   0.0287  -0.0057   0.0008  -0.0024   0.0065
    24(H )   0.0421   0.0228   0.0595   0.0173   0.0193   0.0183   0.0019
    25(H )   0.0301   0.0239   0.0343   0.0042   0.0062   0.0052   0.0019
    26(C )  -0.0828  -0.0954  -0.0712   0.0116   0.0125   0.0121   0.0009
    27(C )  -0.0915  -0.0976  -0.0792   0.0123   0.0062   0.0092  -0.0061
    28(H )   0.0289   0.0272   0.0272  -0.0017   0.0017  -0.0000   0.0034
    29(H )   0.0360   0.0165   0.0578   0.0218   0.0195   0.0207  -0.0023
    30(H )   0.0320   0.0202   0.0469   0.0149   0.0118   0.0133  -0.0031
    31(H )   0.0341   0.0234   0.0448   0.0107   0.0107   0.0107  -0.0000
    32(H )   0.0357   0.0228   0.0474   0.0117   0.0128   0.0123   0.0011
    33(H )   0.0424   0.0187   0.0608   0.0184   0.0237   0.0211   0.0053
 
 Condensed local electrophilicity/nucleophilicity index (e*eV)
     Atom              Electrophilicity          Nucleophilicity
     1(Pt)                  0.17847                  0.23017
     2(O )                  0.04742                  0.58246
     3(H )                  0.03375                  0.18029
     4(O )                  0.04774                  0.36788
     5(H )                  0.03749                  0.13707
     6(Cl)                  0.26528                  0.23942
     7(Cl)                  0.26281                  0.30844
     8(N )                  0.05391                  0.02786
     9(C )                  0.00988                  0.00612
    10(H )                  0.03513                  0.03505
    11(N )                  0.05172                  0.01530
    12(H )                  0.03891                  0.03940
    13(H )                  0.03138                  0.03316
    14(H )                  0.03257                  0.04520
    15(C )                  0.00925                  0.00426
    16(C )                  0.01720                  0.02836
    17(C )                  0.00818                  0.01310
    18(H )                  0.01003                  0.00109
    19(H )                  0.01350                  0.02427
    20(H )                  0.02071                  0.03713
    21(H )                  0.03313                  0.04794
    22(H )                  0.01679                  0.03909
    23(H )                  0.00115                 -0.01568
    24(H )                  0.02768                  0.04791
    25(H )                  0.00884                  0.01172
    26(C )                  0.01797                  0.03211
    27(C )                  0.00884                  0.03389
    28(H )                  0.00243                 -0.00480
    29(H )                  0.02800                  0.06024
    30(H )                  0.01692                  0.04115
    31(H )                  0.01536                  0.02959
    32(H )                  0.01839                  0.03236
    33(H )                  0.03406                  0.05078
 
 Condensed local softness (e/Hartree), relative electrophilicity/nucleophilicity (dimensionless) and condensed local hyper-softness (e/Hartree^2)
     Atom         s-          s+          s0        s+/s-       s-/s+       s(2)
     1(Pt)      0.3073      0.4586      0.3830      1.4924      0.6701      0.5582
     2(O )      0.7777      0.1219      0.4498      0.1567      6.3821     -2.4192
     3(H )      0.2407      0.0867      0.1637      0.3604      2.7750     -0.5680
     4(O )      0.4912      0.1227      0.3069      0.2498      4.0037     -1.3593
     5(H )      0.1830      0.0964      0.1397      0.5265      1.8993     -0.3196
     6(Cl)      0.3197      0.6818      0.5007      2.1326      0.4689      1.3356
     7(Cl)      0.4118      0.6754      0.5436      1.6400      0.6097      0.9723
     8(N )      0.0372      0.1385      0.0879      3.7250      0.2685      0.3739
     9(C )      0.0082      0.0254      0.0168      3.1043      0.3221      0.0635
    10(H )      0.0468      0.0903      0.0685      1.9293      0.5183      0.1604
    11(N )      0.0204      0.1329      0.0767      6.5062      0.1537      0.4149
    12(H )      0.0526      0.1000      0.0763      1.9009      0.5261      0.1748
    13(H )      0.0443      0.0806      0.0625      1.8211      0.5491      0.1341
    14(H )      0.0603      0.0837      0.0720      1.3871      0.7210      0.0862
    15(C )      0.0057      0.0238      0.0147      4.1830      0.2391      0.0667
    16(C )      0.0379      0.0442      0.0410      1.1670      0.8569      0.0233
    17(C )      0.0175      0.0210      0.0193      1.2024      0.8317      0.0131
    18(H )      0.0015      0.0258      0.0136     17.7790      0.0562      0.0898
    19(H )      0.0324      0.0347      0.0336      1.0708      0.9339      0.0085
    20(H )      0.0496      0.0532      0.0514      1.0739      0.9312      0.0135
    21(H )      0.0640      0.0851      0.0746      1.3300      0.7519      0.0779
    22(H )      0.0522      0.0431      0.0477      0.8267      1.2096     -0.0334
    23(H )     -0.0209      0.0030     -0.0090     -0.1414     -7.0717      0.0881
    24(H )      0.0640      0.0711      0.0675      1.1120      0.8993      0.0264
    25(H )      0.0157      0.0227      0.0192      1.4521      0.6887      0.0261
    26(C )      0.0429      0.0462      0.0445      1.0772      0.9283      0.0122
    27(C )      0.0452      0.0227      0.0340      0.5020      1.9919     -0.0831
    28(H )     -0.0064      0.0063     -0.0001     -0.9755     -1.0251      0.0467
    29(H )      0.0804      0.0720      0.0762      0.8947      1.1177     -0.0312
    30(H )      0.0549      0.0435      0.0492      0.7917      1.2631     -0.0422
    31(H )      0.0395      0.0395      0.0395      0.9990      1.0010     -0.0001
    32(H )      0.0432      0.0473      0.0452      1.0936      0.9144      0.0149
    33(H )      0.0678      0.0875      0.0777      1.2909      0.7747      0.0728
 
 E(N):    -1540.627573 Hartree
 E(N+1):    -1540.661136 Hartree
 E(N-1):    -1540.322908 Hartree
 E_HOMO(N):     -0.233673 Hartree,   -6.3586 eV
 E_HOMO(N+1):    0.028702 Hartree,    0.7810 eV
 E_HOMO(N-1):   -0.426899 Hartree,  -11.6165 eV
 First vertical IP:     0.304665 Hartree,    8.2904 eV
 First vertical EA:     0.033563 Hartree,    0.9133 eV
 Mulliken electronegativity:     0.169114 Hartree,    4.6018 eV
 Chemical potential:            -0.169114 Hartree,   -4.6018 eV
 Hardness (=fundamental gap):    0.271102 Hartree,    7.3771 eV
 Softness:      3.688650 Hartree^-1,    0.1356 eV^-1
 Softness^2:   13.606140 Hartree^-2,    0.0184 eV^-2
 Electrophilicity index:    0.052747 Hartree,    1.4353 eV
 Nucleophilicity index:     0.101525 Hartree,    2.7626 eV
