 Note: the E(HOMO) of TCE used for evaluating nucleophilicity index is the value evaluated at B3LYP/6-31G* level
 
 Hirshfeld charges, condensed Fukui functions and condensed dual descriptors
 Units used below are "e" (elementary charge)
     Atom     q(N)    q(N+1)   q(N-1)     f-       f+       f0      CDD
     1(Pt)   0.5445   0.4221   0.6301   0.0855   0.1224   0.1040   0.0369
     2(O )  -0.3624  -0.3940  -0.1976   0.1648   0.0315   0.0982  -0.1333
     3(H )   0.1069   0.0828   0.1626   0.0557   0.0241   0.0399  -0.0316
     4(O )  -0.3710  -0.4037  -0.2029   0.1681   0.0327   0.1004  -0.1354
     5(H )   0.1077   0.0830   0.1650   0.0573   0.0247   0.0410  -0.0326
     6(Cl)  -0.2814  -0.4671  -0.1881   0.0934   0.1857   0.1395   0.0923
     7(Cl)  -0.2787  -0.4588  -0.1694   0.1093   0.1801   0.1447   0.0709
     8(N )  -0.0675  -0.1036  -0.0591   0.0084   0.0361   0.0222   0.0277
     9(C )   0.0448   0.0381   0.0468   0.0020   0.0067   0.0044   0.0047
    10(H )   0.1149   0.0928   0.1281   0.0132   0.0220   0.0176   0.0088
    11(N )  -0.0656  -0.1042  -0.0588   0.0068   0.0387   0.0227   0.0319
    12(H )   0.1198   0.0951   0.1333   0.0135   0.0247   0.0191   0.0113
    13(H )   0.1171   0.0938   0.1282   0.0111   0.0233   0.0172   0.0122
    14(H )   0.1135   0.0895   0.1254   0.0119   0.0239   0.0179   0.0120
    15(C )   0.0467   0.0369   0.0514   0.0047   0.0098   0.0072   0.0051
    16(C )  -0.0894  -0.0956  -0.0834   0.0060   0.0062   0.0061   0.0002
    17(C )  -0.0920  -0.0990  -0.0812   0.0107   0.0070   0.0089  -0.0037
    18(H )   0.0332   0.0060   0.0555   0.0223   0.0272   0.0247   0.0049
    19(H )   0.0246   0.0178   0.0330   0.0084   0.0068   0.0076  -0.0016
    20(H )   0.0316   0.0288   0.0293  -0.0022   0.0027   0.0003   0.0050
    21(H )   0.0411   0.0196   0.0606   0.0195   0.0216   0.0205   0.0021
    22(H )   0.0293   0.0266   0.0286  -0.0007   0.0027   0.0010   0.0035
    23(H )   0.0306   0.0211   0.0423   0.0118   0.0095   0.0106  -0.0023
    24(H )   0.0357   0.0137   0.0576   0.0219   0.0219   0.0219  -0.0000
    25(H )   0.0307   0.0235   0.0344   0.0037   0.0073   0.0055   0.0036
    26(C )  -0.0909  -0.0974  -0.0806   0.0103   0.0065   0.0084  -0.0038
    27(C )  -0.0829  -0.0954  -0.0723   0.0106   0.0125   0.0115   0.0019
    28(H )   0.0331   0.0234   0.0417   0.0086   0.0097   0.0092   0.0011
    29(H )   0.0427   0.0188   0.0608   0.0181   0.0240   0.0210   0.0059
    30(H )   0.0359   0.0227   0.0474   0.0115   0.0132   0.0123   0.0017
    31(H )   0.0314   0.0201   0.0453   0.0139   0.0113   0.0126  -0.0026
    32(H )   0.0363   0.0160   0.0570   0.0206   0.0204   0.0205  -0.0003
    33(H )   0.0293   0.0268   0.0286  -0.0007   0.0025   0.0009   0.0032
 
 Condensed local electrophilicity/nucleophilicity index (e*eV)
     Atom              Electrophilicity          Nucleophilicity
     1(Pt)                  0.17890                  0.23061
     2(O )                  0.04603                  0.44441
     3(H )                  0.03523                  0.15029
     4(O )                  0.04782                  0.45318
     5(H )                  0.03612                  0.15450
     6(Cl)                  0.27131                  0.25177
     7(Cl)                  0.26320                  0.29458
     8(N )                  0.05271                  0.02259
     9(C )                  0.00983                  0.00534
    10(H )                  0.03221                  0.03563
    11(N )                  0.05650                  0.01829
    12(H )                  0.03612                  0.03627
    13(H )                  0.03406                  0.02990
    14(H )                  0.03496                  0.03213
    15(C )                  0.01431                  0.01266
    16(C )                  0.00904                  0.01607
    17(C )                  0.01027                  0.02889
    18(H )                  0.03971                  0.06008
    19(H )                  0.00997                  0.02258
    20(H )                  0.00401                 -0.00605
    21(H )                  0.03152                  0.05258
    22(H )                  0.00398                 -0.00196
    23(H )                  0.01388                  0.03175
    24(H )                  0.03207                  0.05917
    25(H )                  0.01062                  0.00989
    26(C )                  0.00949                  0.02778
    27(C )                  0.01820                  0.02854
    28(H )                  0.01424                  0.02330
    29(H )                  0.03502                  0.04879
    30(H )                  0.01928                  0.03090
    31(H )                  0.01656                  0.03748
    32(H )                  0.02978                  0.05562
    33(H )                  0.00366                 -0.00183
 
 Condensed local softness (e/Hartree), relative electrophilicity/nucleophilicity (dimensionless) and condensed local hyper-softness (e/Hartree^2)
     Atom         s-          s+          s0        s+/s-       s-/s+       s(2)
     1(Pt)      0.3148      0.4506      0.3827      1.4314      0.6986      0.4997
     2(O )      0.6066      0.1159      0.3613      0.1911      5.2326     -1.8058
     3(H )      0.2051      0.0887      0.1469      0.4325      2.3122     -0.4284
     4(O )      0.6186      0.1204      0.3695      0.1947      5.1358     -1.8332
     5(H )      0.2109      0.0910      0.1509      0.4314      2.3179     -0.4413
     6(Cl)      0.3437      0.6833      0.5135      1.9883      0.5029      1.2499
     7(Cl)      0.4021      0.6629      0.5325      1.6485      0.6066      0.9596
     8(N )      0.0308      0.1327      0.0818      4.3046      0.2323      0.3750
     9(C )      0.0073      0.0248      0.0160      3.3940      0.2946      0.0643
    10(H )      0.0486      0.0811      0.0649      1.6680      0.5995      0.1196
    11(N )      0.0250      0.1423      0.0836      5.6985      0.1755      0.4318
    12(H )      0.0495      0.0910      0.0702      1.8372      0.5443      0.1525
    13(H )      0.0408      0.0858      0.0633      2.1017      0.4758      0.1655
    14(H )      0.0439      0.0880      0.0660      2.0074      0.4981      0.1626
    15(C )      0.0173      0.0360      0.0267      2.0854      0.4795      0.0690
    16(C )      0.0219      0.0228      0.0223      1.0375      0.9638      0.0030
    17(C )      0.0394      0.0259      0.0326      0.6555      1.5255     -0.0500
    18(H )      0.0820      0.1000      0.0910      1.2195      0.8200      0.0662
    19(H )      0.0308      0.0251      0.0280      0.8145      1.2277     -0.0210
    20(H )     -0.0083      0.0101      0.0009     -1.2253     -0.8161      0.0676
    21(H )      0.0718      0.0794      0.0756      1.1061      0.9041      0.0280
    22(H )     -0.0027      0.0100      0.0037     -3.7591     -0.2660      0.0467
    23(H )      0.0433      0.0350      0.0392      0.8067      1.2396     -0.0308
    24(H )      0.0808      0.0808      0.0808      0.9999      1.0001     -0.0000
    25(H )      0.0135      0.0267      0.0201      1.9812      0.5048      0.0487
    26(C )      0.0379      0.0239      0.0309      0.6303      1.5865     -0.0516
    27(C )      0.0390      0.0458      0.0424      1.1765      0.8500      0.0253
    28(H )      0.0318      0.0359      0.0338      1.1274      0.8870      0.0149
    29(H )      0.0666      0.0882      0.0774      1.3243      0.7551      0.0795
    30(H )      0.0422      0.0485      0.0454      1.1508      0.8689      0.0234
    31(H )      0.0512      0.0417      0.0464      0.8154      1.2265     -0.0348
    32(H )      0.0759      0.0750      0.0755      0.9878      1.0124     -0.0034
    33(H )     -0.0025      0.0092      0.0034     -3.7023     -0.2701      0.0431
 
 E(N):    -1540.628376 Hartree
 E(N+1):    -1540.663342 Hartree
 E(N-1):    -1540.321679 Hartree
 E_HOMO(N):     -0.236119 Hartree,   -6.4251 eV
 E_HOMO(N+1):    0.027150 Hartree,    0.7388 eV
 E_HOMO(N-1):   -0.428649 Hartree,  -11.6641 eV
 First vertical IP:     0.306696 Hartree,    8.3456 eV
 First vertical EA:     0.034966 Hartree,    0.9515 eV
 Mulliken electronegativity:     0.170831 Hartree,    4.6486 eV
 Chemical potential:            -0.170831 Hartree,   -4.6486 eV
 Hardness (=fundamental gap):    0.271731 Hartree,    7.3942 eV
 Softness:      3.680116 Hartree^-1,    0.1352 eV^-1
 Softness^2:   13.543252 Hartree^-2,    0.0183 eV^-2
 Electrophilicity index:    0.053699 Hartree,    1.4612 eV
 Nucleophilicity index:     0.099079 Hartree,    2.6961 eV
