 Note: the E(HOMO) of TCE used for evaluating nucleophilicity index is the value evaluated at B3LYP/6-31G* level
 
 Hirshfeld charges, condensed Fukui functions and condensed dual descriptors
 Units used below are "e" (elementary charge)
     Atom     q(N)    q(N+1)   q(N-1)     f-       f+       f0      CDD
     1(Pt)   0.5399   0.4164   0.6275   0.0876   0.1235   0.1055   0.0360
     2(O )  -0.3958  -0.4292  -0.2528   0.1430   0.0334   0.0882  -0.1096
     3(H )   0.1089   0.0832   0.1607   0.0518   0.0258   0.0388  -0.0260
     4(O )  -0.3792  -0.4139  -0.1789   0.2003   0.0347   0.1175  -0.1656
     5(H )   0.1069   0.0824   0.1700   0.0632   0.0245   0.0438  -0.0386
     6(Cl)  -0.2888  -0.4782  -0.1841   0.1047   0.1894   0.1470   0.0847
     7(Cl)  -0.2491  -0.4245  -0.1465   0.1025   0.1754   0.1390   0.0729
     8(N )  -0.0679  -0.1047  -0.0597   0.0082   0.0368   0.0225   0.0286
     9(C )   0.0432   0.0360   0.0451   0.0019   0.0072   0.0046   0.0053
    10(H )   0.1168   0.0944   0.1315   0.0147   0.0224   0.0186   0.0077
    11(N )  -0.0671  -0.1016  -0.0600   0.0072   0.0345   0.0208   0.0273
    12(H )   0.1166   0.0953   0.1305   0.0139   0.0213   0.0176   0.0074
    13(H )   0.1171   0.0979   0.1269   0.0099   0.0191   0.0145   0.0093
    14(H )   0.1199   0.0958   0.1319   0.0120   0.0241   0.0180   0.0121
    15(C )   0.0493   0.0402   0.0531   0.0038   0.0091   0.0065   0.0054
    16(C )  -0.0892  -0.0968  -0.0833   0.0060   0.0076   0.0068   0.0016
    17(C )  -0.0912  -0.0984  -0.0845   0.0067   0.0072   0.0069   0.0004
    18(H )   0.0300   0.0040   0.0513   0.0213   0.0260   0.0236   0.0047
    19(H )   0.0261   0.0226   0.0269   0.0008   0.0034   0.0021   0.0026
    20(H )   0.0381   0.0171   0.0574   0.0193   0.0210   0.0201   0.0017
    21(H )   0.0308   0.0188   0.0405   0.0097   0.0121   0.0109   0.0024
    22(H )   0.0266   0.0242   0.0262  -0.0004   0.0025   0.0010   0.0029
    23(H )   0.0301   0.0206   0.0354   0.0053   0.0095   0.0074   0.0042
    24(H )   0.0353   0.0136   0.0584   0.0231   0.0217   0.0224  -0.0013
    25(H )   0.0321   0.0242   0.0375   0.0054   0.0079   0.0067   0.0025
    26(C )  -0.0875  -0.0931  -0.0820   0.0055   0.0056   0.0055   0.0000
    27(C )  -0.0798  -0.0932  -0.0696   0.0101   0.0134   0.0118   0.0033
    28(H )   0.0387   0.0272   0.0481   0.0093   0.0115   0.0104   0.0022
    29(H )   0.0431   0.0186   0.0612   0.0181   0.0245   0.0213   0.0064
    30(H )   0.0377   0.0252   0.0479   0.0102   0.0125   0.0114   0.0023
    31(H )   0.0318   0.0313   0.0268  -0.0050   0.0005  -0.0022   0.0054
    32(H )   0.0399   0.0280   0.0499   0.0100   0.0119   0.0109   0.0019
    33(H )   0.0365   0.0170   0.0565   0.0199   0.0195   0.0197  -0.0004
 
 Condensed local electrophilicity/nucleophilicity index (e*eV)
     Atom              Electrophilicity          Nucleophilicity
     1(Pt)                  0.17759                  0.24893
     2(O )                  0.04802                  0.40651
     3(H )                  0.03705                  0.14727
     4(O )                  0.04984                  0.56945
     5(H )                  0.03524                  0.17956
     6(Cl)                  0.27235                  0.29761
     7(Cl)                  0.25222                  0.29149
     8(N )                  0.05291                  0.02329
     9(C )                  0.01041                  0.00544
    10(H )                  0.03220                  0.04181
    11(N )                  0.04955                  0.02037
    12(H )                  0.03067                  0.03951
    13(H )                  0.02750                  0.02806
    14(H )                  0.03467                  0.03402
    15(C )                  0.01314                  0.01069
    16(C )                  0.01089                  0.01693
    17(C )                  0.01029                  0.01907
    18(H )                  0.03739                  0.06055
    19(H )                  0.00493                  0.00230
    20(H )                  0.03020                  0.05483
    21(H )                  0.01736                  0.02745
    22(H )                  0.00356                 -0.00117
    23(H )                  0.01368                  0.01519
    24(H )                  0.03126                  0.06562
    25(H )                  0.01141                  0.01541
    26(C )                  0.00801                  0.01573
    27(C )                  0.01927                  0.02883
    28(H )                  0.01656                  0.02648
    29(H )                  0.03523                  0.05138
    30(H )                  0.01804                  0.02908
    31(H )                  0.00068                 -0.01412
    32(H )                  0.01711                  0.02842
    33(H )                  0.02805                  0.05669
 
 Condensed local softness (e/Hartree), relative electrophilicity/nucleophilicity (dimensionless) and condensed local hyper-softness (e/Hartree^2)
     Atom         s-          s+          s0        s+/s-       s-/s+       s(2)
     1(Pt)      0.3266      0.4607      0.3937      1.4107      0.7089      0.5003
     2(O )      0.5334      0.1246      0.3290      0.2336      4.2816     -1.5249
     3(H )      0.1932      0.0961      0.1447      0.4974      2.0103     -0.3622
     4(O )      0.7471      0.1293      0.4382      0.1731      5.7782     -2.3047
     5(H )      0.2356      0.0914      0.1635      0.3881      2.5768     -0.5378
     6(Cl)      0.3905      0.7066      0.5485      1.8095      0.5526      1.1791
     7(Cl)      0.3825      0.6543      0.5184      1.7109      0.5845      1.0142
     8(N )      0.0306      0.1373      0.0839      4.4919      0.2226      0.3981
     9(C )      0.0071      0.0270      0.0171      3.7868      0.2641      0.0741
    10(H )      0.0549      0.0835      0.0692      1.5229      0.6566      0.1070
    11(N )      0.0267      0.1286      0.0776      4.8111      0.2079      0.3799
    12(H )      0.0518      0.0796      0.0657      1.5347      0.6516      0.1034
    13(H )      0.0368      0.0714      0.0541      1.9383      0.5159      0.1288
    14(H )      0.0446      0.0899      0.0673      2.0147      0.4964      0.1690
    15(C )      0.0140      0.0341      0.0241      2.4301      0.4115      0.0749
    16(C )      0.0222      0.0283      0.0252      1.2725      0.7859      0.0226
    17(C )      0.0250      0.0267      0.0259      1.0668      0.9374      0.0062
    18(H )      0.0794      0.0970      0.0882      1.2210      0.8190      0.0655
    19(H )      0.0030      0.0128      0.0079      4.2431      0.2357      0.0365
    20(H )      0.0719      0.0784      0.0751      1.0893      0.9180      0.0240
    21(H )      0.0360      0.0450      0.0405      1.2503      0.7998      0.0336
    22(H )     -0.0015      0.0092      0.0038     -6.0028     -0.1666      0.0402
    23(H )      0.0199      0.0355      0.0277      1.7802      0.5617      0.0580
    24(H )      0.0861      0.0811      0.0836      0.9419      1.0617     -0.0187
    25(H )      0.0202      0.0296      0.0249      1.4635      0.6833      0.0350
    26(C )      0.0206      0.0208      0.0207      1.0066      0.9935      0.0005
    27(C )      0.0378      0.0500      0.0439      1.3215      0.7567      0.0454
    28(H )      0.0347      0.0430      0.0389      1.2368      0.8085      0.0307
    29(H )      0.0674      0.0914      0.0794      1.3558      0.7376      0.0895
    30(H )      0.0382      0.0468      0.0425      1.2267      0.8152      0.0323
    31(H )     -0.0185      0.0018     -0.0084     -0.0948    -10.5521      0.0756
    32(H )      0.0373      0.0444      0.0408      1.1904      0.8400      0.0265
    33(H )      0.0744      0.0728      0.0736      0.9784      1.0221     -0.0060
 
 E(N):    -1540.618548 Hartree
 E(N+1):    -1540.652827 Hartree
 E(N-1):    -1540.316194 Hartree
 E_HOMO(N):     -0.230716 Hartree,   -6.2781 eV
 E_HOMO(N+1):    0.027932 Hartree,    0.7601 eV
 E_HOMO(N-1):   -0.416555 Hartree,  -11.3350 eV
 First vertical IP:     0.302354 Hartree,    8.2275 eV
 First vertical EA:     0.034279 Hartree,    0.9328 eV
 Mulliken electronegativity:     0.168317 Hartree,    4.5801 eV
 Chemical potential:            -0.168317 Hartree,   -4.5801 eV
 Hardness (=fundamental gap):    0.268075 Hartree,    7.2947 eV
 Softness:      3.730295 Hartree^-1,    0.1371 eV^-1
 Softness^2:   13.915103 Hartree^-2,    0.0188 eV^-2
 Electrophilicity index:    0.052841 Hartree,    1.4379 eV
 Nucleophilicity index:     0.104482 Hartree,    2.8431 eV
