 Note: the E(HOMO) of TCE used for evaluating nucleophilicity index is the value evaluated at B3LYP/6-31G* level
 
 Hirshfeld charges, condensed Fukui functions and condensed dual descriptors
 Units used below are "e" (elementary charge)
     Atom     q(N)    q(N+1)   q(N-1)     f-       f+       f0      CDD
     1(Pt)   0.5430   0.4158   0.6308   0.0878   0.1272   0.1075   0.0393
     2(O )  -0.3672  -0.4619  -0.2033   0.1639   0.0947   0.1293  -0.0692
     3(H )   0.1087   0.0563   0.1650   0.0563   0.0524   0.0544  -0.0038
     4(O )  -0.3673  -0.4621  -0.2031   0.1642   0.0947   0.1295  -0.0695
     5(H )   0.1087   0.0563   0.1651   0.0563   0.0525   0.0544  -0.0039
     6(Cl)  -0.2886  -0.4129  -0.1835   0.1051   0.1243   0.1147   0.0191
     7(Cl)  -0.2886  -0.4127  -0.1832   0.1054   0.1242   0.1148   0.0188
     8(N )  -0.0672  -0.0876  -0.0590   0.0082   0.0204   0.0143   0.0122
     9(C )   0.0440   0.0402   0.0458   0.0018   0.0039   0.0028   0.0021
    10(H )   0.1147   0.0936   0.1293   0.0146   0.0210   0.0178   0.0064
    11(N )  -0.0671  -0.0875  -0.0589   0.0082   0.0204   0.0143   0.0122
    12(H )   0.1148   0.0938   0.1294   0.0146   0.0210   0.0178   0.0064
    13(H )   0.1153   0.0973   0.1274   0.0121   0.0180   0.0150   0.0059
    14(H )   0.1153   0.0973   0.1274   0.0121   0.0180   0.0150   0.0059
    15(C )   0.0440   0.0402   0.0458   0.0018   0.0039   0.0028   0.0021
    16(C )  -0.0903  -0.0980  -0.0806   0.0097   0.0077   0.0087  -0.0020
    17(C )  -0.0827  -0.0932  -0.0724   0.0103   0.0106   0.0104   0.0003
    18(H )   0.0317   0.0275   0.0348   0.0030   0.0043   0.0036   0.0013
    19(H )   0.0316   0.0186   0.0454   0.0138   0.0130   0.0134  -0.0007
    20(H )   0.0365   0.0168   0.0567   0.0202   0.0197   0.0200  -0.0005
    21(H )   0.0303   0.0259   0.0293  -0.0010   0.0044   0.0017   0.0054
    22(H )   0.0361   0.0238   0.0475   0.0114   0.0123   0.0118   0.0009
    23(H )   0.0326   0.0238   0.0412   0.0086   0.0089   0.0087   0.0003
    24(H )   0.0428   0.0223   0.0607   0.0178   0.0205   0.0192   0.0027
    25(H )   0.0317   0.0274   0.0347   0.0030   0.0043   0.0037   0.0012
    26(C )  -0.0903  -0.0981  -0.0807   0.0097   0.0077   0.0087  -0.0019
    27(C )  -0.0827  -0.0932  -0.0724   0.0103   0.0106   0.0104   0.0003
    28(H )   0.0428   0.0223   0.0607   0.0179   0.0205   0.0192   0.0026
    29(H )   0.0361   0.0238   0.0475   0.0114   0.0123   0.0118   0.0009
    30(H )   0.0327   0.0238   0.0413   0.0086   0.0089   0.0087   0.0003
    31(H )   0.0303   0.0258   0.0293  -0.0010   0.0045   0.0017   0.0054
    32(H )   0.0317   0.0186   0.0454   0.0137   0.0130   0.0134  -0.0007
    33(H )   0.0365   0.0167   0.0567   0.0202   0.0197   0.0200  -0.0005
 
 Condensed local electrophilicity/nucleophilicity index (e*eV)
     Atom              Electrophilicity          Nucleophilicity
     1(Pt)                  0.13395                  0.23492
     2(O )                  0.09977                  0.43825
     3(H )                  0.05525                  0.15047
     4(O )                  0.09981                  0.43918
     5(H )                  0.05527                  0.15070
     6(Cl)                  0.13090                  0.28121
     7(Cl)                  0.13081                  0.28178
     8(N )                  0.02150                  0.02201
     9(C )                  0.00410                  0.00477
    10(H )                  0.02215                  0.03909
    11(N )                  0.02151                  0.02188
    12(H )                  0.02214                  0.03899
    13(H )                  0.01897                  0.03228
    14(H )                  0.01896                  0.03234
    15(C )                  0.00410                  0.00477
    16(C )                  0.00813                  0.02590
    17(C )                  0.01112                  0.02750
    18(H )                  0.00450                  0.00808
    19(H )                  0.01373                  0.03685
    20(H )                  0.02079                  0.05398
    21(H )                  0.00465                 -0.00263
    22(H )                  0.01294                  0.03048
    23(H )                  0.00935                  0.02293
    24(H )                  0.02159                  0.04772
    25(H )                  0.00450                  0.00813
    26(C )                  0.00814                  0.02586
    27(C )                  0.01112                  0.02750
    28(H )                  0.02159                  0.04774
    29(H )                  0.01292                  0.03045
    30(H )                  0.00935                  0.02293
    31(H )                  0.00470                 -0.00264
    32(H )                  0.01372                  0.03677
    33(H )                  0.02079                  0.05400
 
 Condensed local softness (e/Hartree), relative electrophilicity/nucleophilicity (dimensionless) and condensed local hyper-softness (e/Hartree^2)
     Atom         s-          s+          s0        s+/s-       s-/s+       s(2)
     1(Pt)      0.2863      0.4144      0.3503      1.4476      0.6908      0.4176
     2(O )      0.5341      0.3087      0.4214      0.5780      1.7302     -0.7346
     3(H )      0.1834      0.1709      0.1771      0.9322      1.0727     -0.0405
     4(O )      0.5352      0.3088      0.4220      0.5770      1.7332     -0.7379
     5(H )      0.1837      0.1710      0.1773      0.9310      1.0741     -0.0413
     6(Cl)      0.3427      0.4050      0.3738      1.1818      0.8462      0.2030
     7(Cl)      0.3434      0.4047      0.3740      1.1785      0.8485      0.1998
     8(N )      0.0268      0.0665      0.0467      2.4795      0.4033      0.1293
     9(C )      0.0058      0.0127      0.0092      2.1825      0.4582      0.0224
    10(H )      0.0476      0.0685      0.0581      1.4384      0.6952      0.0681
    11(N )      0.0267      0.0665      0.0466      2.4960      0.4006      0.1300
    12(H )      0.0475      0.0685      0.0580      1.4419      0.6935      0.0684
    13(H )      0.0393      0.0587      0.0490      1.4922      0.6702      0.0631
    14(H )      0.0394      0.0587      0.0490      1.4886      0.6718      0.0628
    15(C )      0.0058      0.0127      0.0092      2.1822      0.4583      0.0224
    16(C )      0.0316      0.0251      0.0284      0.7966      1.2553     -0.0209
    17(C )      0.0335      0.0344      0.0340      1.0269      0.9738      0.0029
    18(H )      0.0099      0.0139      0.0119      1.4139      0.7073      0.0133
    19(H )      0.0449      0.0425      0.0437      0.9456      1.0575     -0.0080
    20(H )      0.0658      0.0643      0.0650      0.9777      1.0228     -0.0048
    21(H )     -0.0032      0.0144      0.0056     -4.4904     -0.2227      0.0573
    22(H )      0.0371      0.0400      0.0386      1.0780      0.9276      0.0094
    23(H )      0.0279      0.0289      0.0284      1.0347      0.9665      0.0032
    24(H )      0.0581      0.0668      0.0625      1.1487      0.8705      0.0282
    25(H )      0.0099      0.0139      0.0119      1.4035      0.7125      0.0130
    26(C )      0.0315      0.0252      0.0284      0.7994      1.2510     -0.0206
    27(C )      0.0335      0.0344      0.0340      1.0261      0.9745      0.0029
    28(H )      0.0582      0.0668      0.0625      1.1481      0.8710      0.0281
    29(H )      0.0371      0.0400      0.0385      1.0774      0.9281      0.0094
    30(H )      0.0279      0.0289      0.0284      1.0353      0.9659      0.0032
    31(H )     -0.0032      0.0145      0.0057     -4.5125     -0.2216      0.0579
    32(H )      0.0448      0.0424      0.0436      0.9470      1.0559     -0.0077
    33(H )      0.0658      0.0643      0.0651      0.9776      1.0229     -0.0048
 
 E(N):    -1540.628089 Hartree
 E(N+1):    -1540.628811 Hartree
 E(N-1):    -1540.320543 Hartree
 E_HOMO(N):     -0.236911 Hartree,   -6.4467 eV
 E_HOMO(N+1):    0.061485 Hartree,    1.6731 eV
 E_HOMO(N-1):   -0.429070 Hartree,  -11.6756 eV
 First vertical IP:     0.307546 Hartree,    8.3687 eV
 First vertical EA:     0.000722 Hartree,    0.0196 eV
 Mulliken electronegativity:     0.154134 Hartree,    4.1942 eV
 Chemical potential:            -0.154134 Hartree,   -4.1942 eV
 Hardness (=fundamental gap):    0.306824 Hartree,    8.3491 eV
 Softness:      3.259199 Hartree^-1,    0.1198 eV^-1
 Softness^2:   10.622381 Hartree^-2,    0.0143 eV^-2
 Electrophilicity index:    0.038715 Hartree,    1.0535 eV
 Nucleophilicity index:     0.098287 Hartree,    2.6745 eV
