 Note: the E(HOMO) of TCE used for evaluating nucleophilicity index is the value evaluated at B3LYP/6-31G* level
 
 Hirshfeld charges, condensed Fukui functions and condensed dual descriptors
 Units used below are "e" (elementary charge)
     Atom     q(N)    q(N+1)   q(N-1)     f-       f+       f0      CDD
     1(Pt)   0.5405   0.4207   0.6302   0.0897   0.1198   0.1048   0.0300
     2(O )  -0.3793  -0.4707  -0.2011   0.1782   0.0915   0.1348  -0.0867
     3(H )   0.1042   0.0466   0.1640   0.0598   0.0575   0.0587  -0.0022
     4(O )  -0.3793  -0.4708  -0.2011   0.1782   0.0915   0.1348  -0.0867
     5(H )   0.1042   0.0466   0.1640   0.0598   0.0575   0.0587  -0.0022
     6(Cl)  -0.2878  -0.4015  -0.1894   0.0985   0.1136   0.1061   0.0151
     7(Cl)  -0.2879  -0.4015  -0.1893   0.0985   0.1136   0.1061   0.0151
     8(N )  -0.0651  -0.0830  -0.0590   0.0061   0.0179   0.0120   0.0118
     9(C )   0.0427   0.0381   0.0455   0.0028   0.0046   0.0037   0.0018
    10(H )   0.1186   0.1006   0.1312   0.0126   0.0179   0.0153   0.0053
    11(N )  -0.0651  -0.0830  -0.0590   0.0061   0.0179   0.0120   0.0118
    12(H )   0.1186   0.1006   0.1312   0.0126   0.0179   0.0153   0.0053
    13(H )   0.1151   0.0967   0.1263   0.0112   0.0185   0.0148   0.0073
    14(H )   0.1151   0.0966   0.1263   0.0112   0.0185   0.0148   0.0073
    15(C )   0.0427   0.0380   0.0455   0.0028   0.0046   0.0037   0.0018
    16(C )  -0.0819  -0.0927  -0.0712   0.0107   0.0109   0.0108   0.0002
    17(C )  -0.0871  -0.0955  -0.0818   0.0053   0.0084   0.0069   0.0031
    18(H )   0.0422   0.0332   0.0450   0.0028   0.0090   0.0059   0.0062
    19(H )   0.0434   0.0246   0.0614   0.0180   0.0187   0.0184   0.0007
    20(H )   0.0386   0.0268   0.0480   0.0094   0.0118   0.0106   0.0025
    21(H )   0.0300   0.0161   0.0425   0.0125   0.0139   0.0132   0.0014
    22(H )   0.0237   0.0106   0.0351   0.0114   0.0132   0.0123   0.0018
    23(H )   0.0298   0.0220   0.0270  -0.0028   0.0078   0.0025   0.0106
    24(H )   0.0429   0.0211   0.0614   0.0186   0.0218   0.0202   0.0032
    25(H )   0.0422   0.0332   0.0450   0.0028   0.0090   0.0059   0.0062
    26(C )  -0.0819  -0.0927  -0.0712   0.0107   0.0109   0.0108   0.0002
    27(C )  -0.0871  -0.0955  -0.0818   0.0053   0.0084   0.0069   0.0031
    28(H )   0.0237   0.0106   0.0351   0.0114   0.0131   0.0123   0.0018
    29(H )   0.0298   0.0220   0.0270  -0.0028   0.0078   0.0025   0.0106
    30(H )   0.0429   0.0211   0.0614   0.0186   0.0218   0.0202   0.0032
    31(H )   0.0300   0.0161   0.0425   0.0125   0.0139   0.0132   0.0014
    32(H )   0.0434   0.0246   0.0614   0.0180   0.0188   0.0184   0.0007
    33(H )   0.0386   0.0268   0.0480   0.0094   0.0118   0.0106   0.0025
 
 Condensed local electrophilicity/nucleophilicity index (e*eV)
     Atom              Electrophilicity          Nucleophilicity
     1(Pt)                  0.11911                  0.25427
     2(O )                  0.09097                  0.50485
     3(H )                  0.05722                  0.16939
     4(O )                  0.09098                  0.50490
     5(H )                  0.05722                  0.16939
     6(Cl)                  0.11300                  0.27905
     7(Cl)                  0.11302                  0.27914
     8(N )                  0.01781                  0.01722
     9(C )                  0.00460                  0.00795
    10(H )                  0.01784                  0.03583
    11(N )                  0.01781                  0.01722
    12(H )                  0.01782                  0.03582
    13(H )                  0.01839                  0.03167
    14(H )                  0.01839                  0.03167
    15(C )                  0.00460                  0.00794
    16(C )                  0.01080                  0.03023
    17(C )                  0.00836                  0.01500
    18(H )                  0.00895                  0.00790
    19(H )                  0.01865                  0.05106
    20(H )                  0.01177                  0.02657
    21(H )                  0.01383                  0.03552
    22(H )                  0.01308                  0.03230
    23(H )                  0.00778                 -0.00782
    24(H )                  0.02164                  0.05263
    25(H )                  0.00896                  0.00792
    26(C )                  0.01080                  0.03023
    27(C )                  0.00836                  0.01499
    28(H )                  0.01308                  0.03228
    29(H )                  0.00778                 -0.00782
    30(H )                  0.02164                  0.05263
    31(H )                  0.01383                  0.03551
    32(H )                  0.01865                  0.05107
    33(H )                  0.01177                  0.02658
 
 Condensed local softness (e/Hartree), relative electrophilicity/nucleophilicity (dimensionless) and condensed local hyper-softness (e/Hartree^2)
     Atom         s-          s+          s0        s+/s-       s-/s+       s(2)
     1(Pt)      0.2926      0.3905      0.3416      1.3346      0.7493      0.3192
     2(O )      0.5810      0.2982      0.4396      0.5133      1.9480     -0.9219
     3(H )      0.1949      0.1876      0.1913      0.9625      1.0390     -0.0239
     4(O )      0.5810      0.2983      0.4396      0.5133      1.9480     -0.9220
     5(H )      0.1949      0.1876      0.1913      0.9624      1.0390     -0.0239
     6(Cl)      0.3211      0.3705      0.3458      1.1537      0.8668      0.1609
     7(Cl)      0.3212      0.3705      0.3459      1.1535      0.8669      0.1608
     8(N )      0.0198      0.0584      0.0391      2.9471      0.3393      0.1258
     9(C )      0.0091      0.0151      0.0121      1.6498      0.6061      0.0194
    10(H )      0.0412      0.0585      0.0499      1.4182      0.7051      0.0562
    11(N )      0.0198      0.0584      0.0391      2.9465      0.3394      0.1257
    12(H )      0.0412      0.0584      0.0498      1.4176      0.7054      0.0561
    13(H )      0.0364      0.0603      0.0484      1.6545      0.6044      0.0778
    14(H )      0.0365      0.0603      0.0484      1.6542      0.6045      0.0778
    15(C )      0.0091      0.0151      0.0121      1.6494      0.6063      0.0193
    16(C )      0.0348      0.0354      0.0351      1.0179      0.9824      0.0020
    17(C )      0.0173      0.0274      0.0223      1.5892      0.6293      0.0332
    18(H )      0.0091      0.0294      0.0192      3.2271      0.3099      0.0660
    19(H )      0.0588      0.0611      0.0599      1.0403      0.9612      0.0077
    20(H )      0.0306      0.0386      0.0346      1.2617      0.7926      0.0261
    21(H )      0.0409      0.0453      0.0431      1.1095      0.9013      0.0146
    22(H )      0.0372      0.0429      0.0400      1.1538      0.8667      0.0186
    23(H )     -0.0090      0.0255      0.0082     -2.8328     -0.3530      0.1125
    24(H )      0.0606      0.0709      0.0658      1.1715      0.8536      0.0339
    25(H )      0.0091      0.0294      0.0193      3.2246      0.3101      0.0661
    26(C )      0.0348      0.0354      0.0351      1.0181      0.9822      0.0021
    27(C )      0.0173      0.0274      0.0223      1.5892      0.6293      0.0331
    28(H )      0.0371      0.0429      0.0400      1.1541      0.8665      0.0187
    29(H )     -0.0090      0.0255      0.0083     -2.8338     -0.3529      0.1125
    30(H )      0.0606      0.0710      0.0658      1.1715      0.8536      0.0339
    31(H )      0.0409      0.0453      0.0431      1.1098      0.9010      0.0146
    32(H )      0.0588      0.0611      0.0600      1.0404      0.9612      0.0077
    33(H )      0.0306      0.0386      0.0346      1.2618      0.7925      0.0261
 
 E(N):    -1540.628361 Hartree
 E(N+1):    -1540.624744 Hartree
 E(N-1):    -1540.325289 Hartree
 E_HOMO(N):     -0.231072 Hartree,   -6.2878 eV
 E_HOMO(N+1):    0.062169 Hartree,    1.6917 eV
 E_HOMO(N-1):   -0.428143 Hartree,  -11.6504 eV
 First vertical IP:     0.303072 Hartree,    8.2470 eV
 First vertical EA:    -0.003617 Hartree,   -0.0984 eV
 Mulliken electronegativity:     0.149727 Hartree,    4.0743 eV
 Chemical potential:            -0.149727 Hartree,   -4.0743 eV
 Hardness (=fundamental gap):    0.306689 Hartree,    8.3454 eV
 Softness:      3.260634 Hartree^-1,    0.1198 eV^-1
 Softness^2:   10.631734 Hartree^-2,    0.0144 eV^-2
 Electrophilicity index:    0.036549 Hartree,    0.9945 eV
 Nucleophilicity index:     0.104126 Hartree,    2.8334 eV
