 Note: the E(HOMO) of TCE used for evaluating nucleophilicity index is the value evaluated at B3LYP/6-31G* level
 
 Hirshfeld charges, condensed Fukui functions and condensed dual descriptors
 Units used below are "e" (elementary charge)
     Atom     q(N)    q(N+1)   q(N-1)     f-       f+       f0      CDD
     1(Pt)   0.5437   0.4207   0.6195   0.0758   0.1230   0.0994   0.0472
     2(O )  -0.3464  -0.3788  -0.1374   0.2090   0.0324   0.1207  -0.1766
     3(H )   0.1081   0.0853   0.1718   0.0637   0.0228   0.0432  -0.0409
     4(O )  -0.3900  -0.4231  -0.2720   0.1179   0.0331   0.0755  -0.0848
     5(H )   0.1090   0.0830   0.1546   0.0456   0.0260   0.0358  -0.0195
     6(Cl)  -0.2768  -0.4646  -0.1938   0.0830   0.1878   0.1354   0.1049
     7(Cl)  -0.2727  -0.4522  -0.1509   0.1218   0.1796   0.1507   0.0578
     8(N )  -0.0719  -0.1087  -0.0602   0.0117   0.0368   0.0242   0.0251
     9(C )   0.0419   0.0350   0.0445   0.0026   0.0069   0.0048   0.0043
    10(H )   0.1110   0.0876   0.1234   0.0125   0.0234   0.0179   0.0110
    11(N )  -0.0644  -0.1020  -0.0584   0.0060   0.0376   0.0218   0.0316
    12(H )   0.1238   0.0981   0.1379   0.0141   0.0257   0.0199   0.0115
    13(H )   0.1206   0.0977   0.1324   0.0118   0.0230   0.0174   0.0112
    14(H )   0.1106   0.0884   0.1268   0.0162   0.0222   0.0192   0.0060
    15(C )   0.0479   0.0380   0.0519   0.0039   0.0099   0.0069   0.0060
    16(C )  -0.0879  -0.0942  -0.0820   0.0058   0.0063   0.0061   0.0005
    17(C )  -0.0942  -0.1012  -0.0817   0.0125   0.0070   0.0097  -0.0054
    18(H )   0.0324   0.0056   0.0558   0.0234   0.0267   0.0251   0.0033
    19(H )   0.0410   0.0206   0.0594   0.0184   0.0203   0.0194   0.0019
    20(H )   0.0240   0.0144   0.0361   0.0121   0.0096   0.0108  -0.0025
    21(H )   0.0366   0.0352   0.0312  -0.0054   0.0015  -0.0020   0.0069
    22(H )   0.0280   0.0256   0.0268  -0.0013   0.0025   0.0006   0.0037
    23(H )   0.0271   0.0184   0.0393   0.0122   0.0087   0.0104  -0.0035
    24(H )   0.0345   0.0120   0.0581   0.0235   0.0225   0.0230  -0.0010
    25(H )   0.0298   0.0234   0.0344   0.0046   0.0064   0.0055   0.0018
    26(C )  -0.0827  -0.0953  -0.0708   0.0119   0.0126   0.0123   0.0007
    27(C )  -0.0913  -0.0972  -0.0796   0.0118   0.0059   0.0088  -0.0059
    28(H )   0.0286   0.0273   0.0265  -0.0021   0.0013  -0.0004   0.0035
    29(H )   0.0358   0.0163   0.0574   0.0216   0.0195   0.0205  -0.0021
    30(H )   0.0320   0.0207   0.0462   0.0142   0.0113   0.0127  -0.0030
    31(H )   0.0355   0.0232   0.0470   0.0115   0.0123   0.0119   0.0009
    32(H )   0.0422   0.0183   0.0607   0.0185   0.0239   0.0212   0.0054
    33(H )   0.0338   0.0228   0.0449   0.0111   0.0110   0.0110  -0.0001
 
 Condensed local electrophilicity/nucleophilicity index (e*eV)
     Atom              Electrophilicity          Nucleophilicity
     1(Pt)                  0.18166                  0.20816
     2(O )                  0.04791                  0.57389
     3(H )                  0.03366                  0.17478
     4(O )                  0.04892                  0.32373
     5(H )                  0.03846                  0.12509
     6(Cl)                  0.27739                  0.22776
     7(Cl)                  0.26522                  0.33439
     8(N )                  0.05436                  0.03210
     9(C )                  0.01025                  0.00725
    10(H )                  0.03457                  0.03420
    11(N )                  0.05552                  0.01648
    12(H )                  0.03790                  0.03875
    13(H )                  0.03392                  0.03240
    14(H )                  0.03279                  0.04448
    15(C )                  0.01467                  0.01084
    16(C )                  0.00931                  0.01600
    17(C )                  0.01035                  0.03420
    18(H )                  0.03950                  0.06425
    19(H )                  0.03004                  0.05065
    20(H )                  0.01418                  0.03320
    21(H )                  0.00217                 -0.01483
    22(H )                  0.00368                 -0.00345
    23(H )                  0.01285                  0.03337
    24(H )                  0.03323                  0.06458
    25(H )                  0.00950                  0.01265
    26(C )                  0.01863                  0.03277
    27(C )                  0.00870                  0.03228
    28(H )                  0.00195                 -0.00587
    29(H )                  0.02879                  0.05933
    30(H )                  0.01662                  0.03911
    31(H )                  0.01822                  0.03152
    32(H )                  0.03529                  0.05075
    33(H )                  0.01625                  0.03044
 
 Condensed local softness (e/Hartree), relative electrophilicity/nucleophilicity (dimensionless) and condensed local hyper-softness (e/Hartree^2)
     Atom         s-          s+          s0        s+/s-       s-/s+       s(2)
     1(Pt)      0.2837      0.4602      0.3719      1.6222      0.6164      0.6604
     2(O )      0.7820      0.1214      0.4517      0.1552      6.4436     -2.4719
     3(H )      0.2382      0.0853      0.1617      0.3580      2.7931     -0.5721
     4(O )      0.4411      0.1239      0.2825      0.2809      3.5598     -1.1868
     5(H )      0.1705      0.0974      0.1339      0.5715      1.7499     -0.2733
     6(Cl)      0.3104      0.7027      0.5065      2.2640      0.4417      1.4678
     7(Cl)      0.4557      0.6718      0.5638      1.4744      0.6782      0.8088
     8(N )      0.0437      0.1377      0.0907      3.1476      0.3177      0.3515
     9(C )      0.0099      0.0260      0.0179      2.6262      0.3808      0.0602
    10(H )      0.0466      0.0876      0.0671      1.8792      0.5321      0.1533
    11(N )      0.0225      0.1406      0.0815      6.2605      0.1597      0.4421
    12(H )      0.0528      0.0960      0.0744      1.8182      0.5500      0.1616
    13(H )      0.0441      0.0859      0.0650      1.9462      0.5138      0.1563
    14(H )      0.0606      0.0831      0.0718      1.3701      0.7299      0.0839
    15(C )      0.0148      0.0372      0.0260      2.5172      0.3973      0.0838
    16(C )      0.0218      0.0236      0.0227      1.0816      0.9246      0.0067
    17(C )      0.0466      0.0262      0.0364      0.5627      1.7771     -0.0762
    18(H )      0.0876      0.1001      0.0938      1.1428      0.8750      0.0468
    19(H )      0.0690      0.0761      0.0726      1.1026      0.9070      0.0265
    20(H )      0.0452      0.0359      0.0406      0.7939      1.2596     -0.0349
    21(H )     -0.0202      0.0055     -0.0074     -0.2715     -3.6838      0.0961
    22(H )     -0.0047      0.0093      0.0023     -1.9862     -0.5035      0.0525
    23(H )      0.0455      0.0326      0.0390      0.7160      1.3966     -0.0483
    24(H )      0.0880      0.0842      0.0861      0.9566      1.0453     -0.0143
    25(H )      0.0172      0.0241      0.0206      1.3949      0.7169      0.0255
    26(C )      0.0447      0.0472      0.0459      1.0570      0.9461      0.0095
    27(C )      0.0440      0.0220      0.0330      0.5010      1.9959     -0.0821
    28(H )     -0.0080      0.0049     -0.0015     -0.6171     -1.6204      0.0484
    29(H )      0.0808      0.0729      0.0769      0.9020      1.1087     -0.0296
    30(H )      0.0533      0.0421      0.0477      0.7898      1.2661     -0.0419
    31(H )      0.0430      0.0462      0.0446      1.0745      0.9306      0.0120
    32(H )      0.0692      0.0894      0.0793      1.2927      0.7736      0.0757
    33(H )      0.0415      0.0412      0.0413      0.9925      1.0076     -0.0012
 
 E(N):    -1540.625219 Hartree
 E(N+1):    -1540.661915 Hartree
 E(N-1):    -1540.321242 Hartree
 E_HOMO(N):     -0.234301 Hartree,   -6.3757 eV
 E_HOMO(N+1):    0.025671 Hartree,    0.6985 eV
 E_HOMO(N-1):   -0.425952 Hartree,  -11.5908 eV
 First vertical IP:     0.303977 Hartree,    8.2716 eV
 First vertical EA:     0.036696 Hartree,    0.9986 eV
 Mulliken electronegativity:     0.170337 Hartree,    4.6351 eV
 Chemical potential:            -0.170337 Hartree,   -4.6351 eV
 Hardness (=fundamental gap):    0.267281 Hartree,    7.2731 eV
 Softness:      3.741383 Hartree^-1,    0.1375 eV^-1
 Softness^2:   13.997950 Hartree^-2,    0.0189 eV^-2
 Electrophilicity index:    0.054277 Hartree,    1.4770 eV
 Nucleophilicity index:     0.100897 Hartree,    2.7456 eV
