 Note: the E(HOMO) of TCE used for evaluating nucleophilicity index is the value evaluated at B3LYP/6-31G* level
 
 Hirshfeld charges, condensed Fukui functions and condensed dual descriptors
 Units used below are "e" (elementary charge)
     Atom     q(N)    q(N+1)   q(N-1)     f-       f+       f0      CDD
     1(Pt)   0.5418   0.4180   0.6242   0.0824   0.1238   0.1031   0.0414
     2(O )  -0.3536  -0.3865  -0.1481   0.2054   0.0330   0.1192  -0.1724
     3(H )   0.1080   0.0844   0.1719   0.0639   0.0236   0.0437  -0.0404
     4(O )  -0.3929  -0.4260  -0.2640   0.1288   0.0332   0.0810  -0.0956
     5(H )   0.1096   0.0834   0.1583   0.0486   0.0263   0.0375  -0.0224
     6(Cl)  -0.2901  -0.4728  -0.2032   0.0868   0.1827   0.1348   0.0959
     7(Cl)  -0.2817  -0.4666  -0.1613   0.1204   0.1849   0.1527   0.0645
     8(N )  -0.0693  -0.1073  -0.0586   0.0107   0.0380   0.0243   0.0273
     9(C )   0.0435   0.0366   0.0456   0.0021   0.0069   0.0045   0.0049
    10(H )   0.1172   0.0920   0.1300   0.0129   0.0252   0.0190   0.0123
    11(N )  -0.0632  -0.0994  -0.0577   0.0055   0.0362   0.0209   0.0307
    12(H )   0.1205   0.0963   0.1343   0.0138   0.0242   0.0190   0.0104
    13(H )   0.1189   0.0949   0.1308   0.0118   0.0240   0.0179   0.0122
    14(H )   0.1119   0.0895   0.1280   0.0161   0.0224   0.0192   0.0063
    15(C )   0.0428   0.0368   0.0434   0.0006   0.0060   0.0033   0.0054
    16(C )  -0.0891  -0.0950  -0.0790   0.0101   0.0059   0.0080  -0.0041
    17(C )  -0.0836  -0.0956  -0.0731   0.0105   0.0120   0.0113   0.0015
    18(H )   0.0375   0.0308   0.0378   0.0003   0.0067   0.0035   0.0064
    19(H )   0.0289   0.0176   0.0447   0.0158   0.0113   0.0135  -0.0045
    20(H )   0.0376   0.0169   0.0579   0.0203   0.0206   0.0205   0.0003
    21(H )   0.0296   0.0288   0.0271  -0.0026   0.0008  -0.0009   0.0033
    22(H )   0.0294   0.0195   0.0395   0.0101   0.0099   0.0100  -0.0001
    23(H )   0.0437   0.0207   0.0607   0.0170   0.0230   0.0200   0.0060
    24(H )   0.0344   0.0211   0.0467   0.0123   0.0132   0.0128   0.0009
    25(H )   0.0302   0.0241   0.0346   0.0044   0.0061   0.0052   0.0017
    26(C )  -0.0821  -0.0950  -0.0709   0.0111   0.0129   0.0120   0.0017
    27(C )  -0.0917  -0.0977  -0.0822   0.0094   0.0060   0.0077  -0.0035
    28(H )   0.0336   0.0214   0.0469   0.0132   0.0122   0.0127  -0.0010
    29(H )   0.0288   0.0271   0.0260  -0.0028   0.0017  -0.0005   0.0044
    30(H )   0.0351   0.0160   0.0561   0.0210   0.0192   0.0201  -0.0018
    31(H )   0.0359   0.0249   0.0460   0.0101   0.0110   0.0106   0.0009
    32(H )   0.0362   0.0232   0.0476   0.0114   0.0129   0.0122   0.0016
    33(H )   0.0423   0.0183   0.0605   0.0182   0.0240   0.0211   0.0058
 
 Condensed local electrophilicity/nucleophilicity index (e*eV)
     Atom              Electrophilicity          Nucleophilicity
     1(Pt)                  0.17560                  0.22845
     2(O )                  0.04678                  0.56934
     3(H )                  0.03342                  0.17715
     4(O )                  0.04704                  0.35700
     5(H )                  0.03726                  0.13480
     6(Cl)                  0.25922                  0.24070
     7(Cl)                  0.26230                  0.33380
     8(N )                  0.05386                  0.02961
     9(C )                  0.00983                  0.00571
    10(H )                  0.03569                  0.03570
    11(N )                  0.05137                  0.01522
    12(H )                  0.03430                  0.03830
    13(H )                  0.03411                  0.03281
    14(H )                  0.03172                  0.04461
    15(C )                  0.00851                  0.00175
    16(C )                  0.00842                  0.02785
    17(C )                  0.01707                  0.02913
    18(H )                  0.00945                  0.00076
    19(H )                  0.01602                  0.04375
    20(H )                  0.02928                  0.05633
    21(H )                  0.00110                 -0.00711
    22(H )                  0.01408                  0.02788
    23(H )                  0.03256                  0.04709
    24(H )                  0.01879                  0.03419
    25(H )                  0.00865                  0.01213
    26(C )                  0.01828                  0.03088
    27(C )                  0.00846                  0.02617
    28(H )                  0.01737                  0.03662
    29(H )                  0.00237                 -0.00764
    30(H )                  0.02717                  0.05816
    31(H )                  0.01564                  0.02804
    32(H )                  0.01837                  0.03154
    33(H )                  0.03400                  0.05046
 
 Condensed local softness (e/Hartree), relative electrophilicity/nucleophilicity (dimensionless) and condensed local hyper-softness (e/Hartree^2)
     Atom         s-          s+          s0        s+/s-       s-/s+       s(2)
     1(Pt)      0.3037      0.4561      0.3799      1.5018      0.6659      0.5614
     2(O )      0.7568      0.1215      0.4392      0.1605      6.2291     -2.3406
     3(H )      0.2355      0.0868      0.1611      0.3686      2.7132     -0.5478
     4(O )      0.4746      0.1222      0.2984      0.2575      3.8841     -1.2982
     5(H )      0.1792      0.0968      0.1380      0.5400      1.8519     -0.3037
     6(Cl)      0.3200      0.6732      0.4966      2.1041      0.4753      1.3015
     7(Cl)      0.4437      0.6812      0.5625      1.5353      0.6513      0.8751
     8(N )      0.0394      0.1399      0.0896      3.5535      0.2814      0.3703
     9(C )      0.0076      0.0255      0.0166      3.3645      0.2972      0.0661
    10(H )      0.0475      0.0927      0.0701      1.9533      0.5120      0.1667
    11(N )      0.0202      0.1334      0.0768      6.5946      0.1516      0.4170
    12(H )      0.0509      0.0891      0.0700      1.7498      0.5715      0.1406
    13(H )      0.0436      0.0886      0.0661      2.0313      0.4923      0.1657
    14(H )      0.0593      0.0824      0.0708      1.3892      0.7199      0.0850
    15(C )      0.0023      0.0221      0.0122      9.5239      0.1050      0.0729
    16(C )      0.0370      0.0219      0.0294      0.5904      1.6938     -0.0559
    17(C )      0.0387      0.0443      0.0415      1.1449      0.8734      0.0207
    18(H )      0.0010      0.0245      0.0128     24.3138      0.0411      0.0867
    19(H )      0.0582      0.0416      0.0499      0.7153      1.3980     -0.0610
    20(H )      0.0749      0.0760      0.0755      1.0154      0.9848      0.0043
    21(H )     -0.0095      0.0029     -0.0033     -0.3031     -3.2988      0.0454
    22(H )      0.0371      0.0366      0.0368      0.9864      1.0138     -0.0019
    23(H )      0.0626      0.0846      0.0736      1.3510      0.7402      0.0810
    24(H )      0.0454      0.0488      0.0471      1.0738      0.9313      0.0124
    25(H )      0.0161      0.0225      0.0193      1.3931      0.7178      0.0233
    26(C )      0.0410      0.0475      0.0443      1.1568      0.8645      0.0237
    27(C )      0.0348      0.0220      0.0284      0.6317      1.5831     -0.0472
    28(H )      0.0487      0.0451      0.0469      0.9268      1.0790     -0.0131
    29(H )     -0.0102      0.0062     -0.0020     -0.6070     -1.6476      0.0602
    30(H )      0.0773      0.0706      0.0739      0.9127      1.0957     -0.0249
    31(H )      0.0373      0.0406      0.0390      1.0897      0.9177      0.0123
    32(H )      0.0419      0.0477      0.0448      1.1379      0.8788      0.0213
    33(H )      0.0671      0.0883      0.0777      1.3165      0.7596      0.0782
 
 E(N):    -1540.627714 Hartree
 E(N+1):    -1540.660223 Hartree
 E(N-1):    -1540.323772 Hartree
 E_HOMO(N):     -0.233347 Hartree,   -6.3497 eV
 E_HOMO(N+1):    0.029688 Hartree,    0.8079 eV
 E_HOMO(N-1):   -0.427156 Hartree,  -11.6235 eV
 First vertical IP:     0.303943 Hartree,    8.2707 eV
 First vertical EA:     0.032508 Hartree,    0.8846 eV
 Mulliken electronegativity:     0.168225 Hartree,    4.5776 eV
 Chemical potential:            -0.168225 Hartree,   -4.5776 eV
 Hardness (=fundamental gap):    0.271434 Hartree,    7.3861 eV
 Softness:      3.684131 Hartree^-1,    0.1354 eV^-1
 Softness^2:   13.572822 Hartree^-2,    0.0183 eV^-2
 Electrophilicity index:    0.052130 Hartree,    1.4185 eV
 Nucleophilicity index:     0.101851 Hartree,    2.7715 eV
