 Note: the E(HOMO) of TCE used for evaluating nucleophilicity index is the value evaluated at B3LYP/6-31G* level
 
 Hirshfeld charges, condensed Fukui functions and condensed dual descriptors
 Units used below are "e" (elementary charge)
     Atom     q(N)    q(N+1)   q(N-1)     f-       f+       f0      CDD
     1(Pt)   0.5416   0.4178   0.6248   0.0832   0.1238   0.1035   0.0406
     2(O )  -0.3924  -0.4256  -0.2586   0.1337   0.0333   0.0835  -0.1005
     3(H )   0.1089   0.0827   0.1587   0.0497   0.0262   0.0380  -0.0235
     4(O )  -0.3560  -0.3895  -0.1465   0.2095   0.0335   0.1215  -0.1760
     5(H )   0.1079   0.0844   0.1730   0.0651   0.0236   0.0443  -0.0415
     6(Cl)  -0.2761  -0.4519  -0.1799   0.0962   0.1758   0.1360   0.0795
     7(Cl)  -0.2841  -0.4749  -0.1859   0.0982   0.1908   0.1445   0.0926
     8(N )  -0.0683  -0.1056  -0.0599   0.0083   0.0373   0.0228   0.0290
     9(C )   0.0399   0.0321   0.0423   0.0024   0.0077   0.0051   0.0053
    10(H )   0.1158   0.0904   0.1288   0.0130   0.0255   0.0192   0.0125
    11(N )  -0.0654  -0.1000  -0.0592   0.0062   0.0347   0.0204   0.0285
    12(H )   0.1152   0.0931   0.1268   0.0116   0.0222   0.0169   0.0105
    13(H )   0.1225   0.0958   0.1386   0.0161   0.0267   0.0214   0.0106
    14(H )   0.1100   0.0887   0.1248   0.0148   0.0214   0.0181   0.0066
    15(C )   0.0419   0.0354   0.0448   0.0030   0.0065   0.0047   0.0035
    16(C )  -0.0869  -0.0916  -0.0829   0.0040   0.0047   0.0043   0.0008
    17(C )  -0.0818  -0.0942  -0.0710   0.0108   0.0125   0.0116   0.0017
    18(H )   0.0426   0.0341   0.0447   0.0021   0.0085   0.0053   0.0063
    19(H )   0.0439   0.0237   0.0618   0.0179   0.0202   0.0191   0.0023
    20(H )   0.0341   0.0352   0.0278  -0.0064  -0.0011  -0.0037   0.0053
    21(H )   0.0232   0.0133   0.0358   0.0126   0.0099   0.0112  -0.0027
    22(H )   0.0301   0.0165   0.0434   0.0133   0.0136   0.0135   0.0003
    23(H )   0.0388   0.0285   0.0487   0.0099   0.0104   0.0101   0.0004
    24(H )   0.0437   0.0204   0.0613   0.0176   0.0233   0.0204   0.0057
    25(H )   0.0305   0.0230   0.0352   0.0047   0.0074   0.0061   0.0027
    26(C )  -0.0833  -0.0962  -0.0713   0.0120   0.0130   0.0125   0.0010
    27(C )  -0.0927  -0.0987  -0.0797   0.0129   0.0060   0.0095  -0.0069
    28(H )   0.0277   0.0260   0.0262  -0.0015   0.0018   0.0001   0.0033
    29(H )   0.0380   0.0186   0.0598   0.0218   0.0194   0.0206  -0.0024
    30(H )   0.0235   0.0113   0.0387   0.0152   0.0122   0.0137  -0.0030
    31(H )   0.0357   0.0245   0.0468   0.0111   0.0112   0.0111   0.0001
    32(H )   0.0277   0.0134   0.0400   0.0124   0.0143   0.0133   0.0019
    33(H )   0.0436   0.0198   0.0620   0.0185   0.0238   0.0211   0.0053
 
 Condensed local electrophilicity/nucleophilicity index (e*eV)
     Atom              Electrophilicity          Nucleophilicity
     1(Pt)                  0.17785                  0.23056
     2(O )                  0.04781                  0.37069
     3(H )                  0.03762                  0.13784
     4(O )                  0.04818                  0.58068
     5(H )                  0.03384                  0.18036
     6(Cl)                  0.25247                  0.26679
     7(Cl)                  0.27404                  0.27221
     8(N )                  0.05361                  0.02302
     9(C )                  0.01108                  0.00672
    10(H )                  0.03659                  0.03603
    11(N )                  0.04980                  0.01719
    12(H )                  0.03183                  0.03223
    13(H )                  0.03835                  0.04449
    14(H )                  0.03070                  0.04103
    15(C )                  0.00933                  0.00819
    16(C )                  0.00680                  0.01098
    17(C )                  0.01789                  0.02991
    18(H )                  0.01214                  0.00594
    19(H )                  0.02906                  0.04962
    20(H )                 -0.00154                 -0.01760
    21(H )                  0.01424                  0.03486
    22(H )                  0.01955                  0.03687
    23(H )                  0.01487                  0.02752
    24(H )                  0.03342                  0.04881
    25(H )                  0.01067                  0.01298
    26(C )                  0.01862                  0.03313
    27(C )                  0.00868                  0.03584
    28(H )                  0.00252                 -0.00425
    29(H )                  0.02785                  0.06052
    30(H )                  0.01751                  0.04216
    31(H )                  0.01606                  0.03066
    32(H )                  0.02047                  0.03426
    33(H )                  0.03415                  0.05123
 
 Condensed local softness (e/Hartree), relative electrophilicity/nucleophilicity (dimensionless) and condensed local hyper-softness (e/Hartree^2)
     Atom         s-          s+          s0        s+/s-       s-/s+       s(2)
     1(Pt)      0.3078      0.4581      0.3829      1.4884      0.6719      0.5562
     2(O )      0.4948      0.1232      0.3090      0.2489      4.0179     -1.3753
     3(H )      0.1840      0.0969      0.1404      0.5266      1.8990     -0.3223
     4(O )      0.7752      0.1241      0.4496      0.1601      6.2462     -2.4090
     5(H )      0.2408      0.0872      0.1640      0.3620      2.7626     -0.5684
     6(Cl)      0.3561      0.6503      0.5032      1.8260      0.5476      1.0885
     7(Cl)      0.3634      0.7059      0.5346      1.9426      0.5148      1.2674
     8(N )      0.0307      0.1381      0.0844      4.4938      0.2225      0.3972
     9(C )      0.0090      0.0286      0.0188      3.1829      0.3142      0.0724
    10(H )      0.0481      0.0943      0.0712      1.9597      0.5103      0.1708
    11(N )      0.0229      0.1283      0.0756      5.5899      0.1789      0.3897
    12(H )      0.0430      0.0820      0.0625      1.9057      0.5248      0.1442
    13(H )      0.0594      0.0988      0.0791      1.6634      0.6012      0.1458
    14(H )      0.0548      0.0791      0.0669      1.4439      0.6926      0.0900
    15(C )      0.0109      0.0240      0.0175      2.1985      0.4549      0.0485
    16(C )      0.0147      0.0175      0.0161      1.1947      0.8371      0.0106
    17(C )      0.0399      0.0461      0.0430      1.1544      0.8663      0.0228
    18(H )      0.0079      0.0313      0.0196      3.9476      0.2533      0.0864
    19(H )      0.0662      0.0748      0.0705      1.1298      0.8851      0.0318
    20(H )     -0.0235     -0.0040     -0.0137      0.1690      5.9157      0.0722
    21(H )      0.0465      0.0367      0.0416      0.7881      1.2689     -0.0365
    22(H )      0.0492      0.0504      0.0498      1.0231      0.9775      0.0042
    23(H )      0.0367      0.0383      0.0375      1.0429      0.9589      0.0058
    24(H )      0.0652      0.0861      0.0756      1.3210      0.7570      0.0774
    25(H )      0.0173      0.0275      0.0224      1.5859      0.6305      0.0376
    26(C )      0.0442      0.0480      0.0461      1.0847      0.9219      0.0139
    27(C )      0.0478      0.0224      0.0351      0.4674      2.1397     -0.0943
    28(H )     -0.0057      0.0065      0.0004     -1.1456     -0.8729      0.0450
    29(H )      0.0808      0.0717      0.0763      0.8879      1.1262     -0.0335
    30(H )      0.0563      0.0451      0.0507      0.8014      1.2478     -0.0414
    31(H )      0.0409      0.0414      0.0412      1.0107      0.9894      0.0016
    32(H )      0.0457      0.0527      0.0492      1.1529      0.8674      0.0259
    33(H )      0.0684      0.0880      0.0782      1.2860      0.7776      0.0724
 
 E(N):    -1540.626980 Hartree
 E(N+1):    -1540.660770 Hartree
 E(N-1):    -1540.322931 Hartree
 E_HOMO(N):     -0.233335 Hartree,   -6.3494 eV
 E_HOMO(N+1):    0.028381 Hartree,    0.7723 eV
 E_HOMO(N-1):   -0.422267 Hartree,  -11.4905 eV
 First vertical IP:     0.304049 Hartree,    8.2736 eV
 First vertical EA:     0.033790 Hartree,    0.9195 eV
 Mulliken electronegativity:     0.168920 Hartree,    4.5965 eV
 Chemical potential:            -0.168920 Hartree,   -4.5965 eV
 Hardness (=fundamental gap):    0.270258 Hartree,    7.3541 eV
 Softness:      3.700161 Hartree^-1,    0.1360 eV^-1
 Softness^2:   13.691194 Hartree^-2,    0.0185 eV^-2
 Electrophilicity index:    0.052790 Hartree,    1.4365 eV
 Nucleophilicity index:     0.101863 Hartree,    2.7718 eV
