 Note: the E(HOMO) of TCE used for evaluating nucleophilicity index is the value evaluated at B3LYP/6-31G* level
 
 Hirshfeld charges, condensed Fukui functions and condensed dual descriptors
 Units used below are "e" (elementary charge)
     Atom     q(N)    q(N+1)   q(N-1)     f-       f+       f0      CDD
     1(C )  -0.0462  -0.0586  -0.0357   0.0105   0.0124   0.0114   0.0019
     2(C )  -0.0213  -0.0271  -0.0227  -0.0014   0.0058   0.0022   0.0071
     3(C )  -0.0479  -0.0606  -0.0390   0.0089   0.0126   0.0108   0.0038
     4(H )   0.0332   0.0066   0.0455   0.0123   0.0266   0.0195   0.0142
     5(H )   0.0313   0.0173   0.0434   0.0121   0.0140   0.0130   0.0019
     6(H )   0.0301   0.0032   0.0359   0.0058   0.0269   0.0163   0.0210
     7(H )   0.0314   0.0133   0.0461   0.0147   0.0180   0.0164   0.0033
     8(C )  -0.0180  -0.0248  -0.0191  -0.0011   0.0068   0.0028   0.0079
     9(C )   0.0036  -0.0221   0.0114   0.0078   0.0257   0.0168   0.0179
    10(H )   0.0306  -0.0047   0.0398   0.0092   0.0353   0.0223   0.0260
    11(C )   0.0053  -0.0123   0.0161   0.0108   0.0177   0.0142   0.0069
    12(H )   0.0248  -0.0009   0.0235  -0.0014   0.0258   0.0122   0.0272
    13(H )   0.0321  -0.0046   0.0544   0.0223   0.0367   0.0295   0.0144
    14(H )   0.0485   0.0047   0.0602   0.0117   0.0438   0.0278   0.0321
    15(N )  -0.0879  -0.0989  -0.0650   0.0230   0.0109   0.0170  -0.0120
    16(H )   0.0364  -0.0067   0.0561   0.0197   0.0431   0.0314   0.0234
    17(H )   0.0375  -0.0433   0.0456   0.0081   0.0808   0.0444   0.0727
    18(N )  -0.0830  -0.0921  -0.0735   0.0096   0.0091   0.0093  -0.0005
    19(Pt)   0.1818   0.0705   0.3742   0.1924   0.1114   0.1519  -0.0810
    20(H )   0.1232   0.0581   0.1385   0.0153   0.0651   0.0402   0.0498
    21(H )   0.1200   0.0256   0.1426   0.0226   0.0944   0.0585   0.0718
    22(H )   0.1306   0.0747   0.1482   0.0176   0.0559   0.0367   0.0383
    23(H )   0.1306   0.0643   0.1419   0.0113   0.0663   0.0388   0.0551
    24(O )  -0.2854  -0.2904  -0.2480   0.0373   0.0050   0.0212  -0.0323
    25(O )  -0.3275  -0.3349  -0.1299   0.1976   0.0074   0.1025  -0.1902
    26(C )   0.0246   0.0204   0.0574   0.0328   0.0042   0.0185  -0.0286
    27(C )   0.1644   0.1551   0.1906   0.0262   0.0093   0.0177  -0.0169
    28(H )   0.0217   0.0062   0.0821   0.0603   0.0155   0.0379  -0.0448
    29(C )  -0.0958  -0.1029  -0.0724   0.0234   0.0071   0.0152  -0.0162
    30(H )   0.0223   0.0094   0.0456   0.0233   0.0129   0.0181  -0.0104
    31(H )   0.0304   0.0179   0.0616   0.0313   0.0125   0.0219  -0.0188
    32(H )   0.0229   0.0084   0.0495   0.0265   0.0145   0.0205  -0.0120
    33(O )  -0.3040  -0.3307  -0.2046   0.0994   0.0267   0.0631  -0.0727
 
 Condensed local electrophilicity/nucleophilicity index (e*eV)
     Atom              Electrophilicity          Nucleophilicity
     1(C )                  0.01009                  0.04182
     2(C )                  0.00471                 -0.00539
     3(C )                  0.01030                  0.03539
     4(H )                  0.02166                  0.04922
     5(H )                  0.01142                  0.04818
     6(H )                  0.02188                  0.02326
     7(H )                  0.01467                  0.05872
     8(C )                  0.00552                 -0.00444
     9(C )                  0.02095                  0.03112
    10(H )                  0.02874                  0.03687
    11(C )                  0.01438                  0.04307
    12(H )                  0.02100                 -0.00551
    13(H )                  0.02988                  0.08879
    14(H )                  0.03571                  0.04671
    15(N )                  0.00892                  0.09161
    16(H )                  0.03511                  0.07860
    17(H )                  0.06583                  0.03226
    18(N )                  0.00740                  0.03814
    19(Pt)                  0.09074                  0.76714
    20(H )                  0.05303                  0.06098
    21(H )                  0.07693                  0.09011
    22(H )                  0.04553                  0.07015
    23(H )                  0.05406                  0.04492
    24(O )                  0.00410                  0.14891
    25(O )                  0.00605                  0.78803
    26(C )                  0.00344                  0.13086
    27(C )                  0.00756                  0.10452
    28(H )                  0.01267                  0.24054
    29(C )                  0.00580                  0.09312
    30(H )                  0.01051                  0.09277
    31(H )                  0.01015                  0.12463
    32(H )                  0.01183                  0.10583
    33(O )                  0.02178                  0.39629
 
 Condensed local softness (e/Hartree), relative electrophilicity/nucleophilicity (dimensionless) and condensed local hyper-softness (e/Hartree^2)
     Atom         s-          s+          s0        s+/s-       s-/s+       s(2)
     1(C )      0.0397      0.0469      0.0433      1.1804      0.8472      0.0271
     2(C )     -0.0051      0.0219      0.0084     -4.2743     -0.2340      0.1022
     3(C )      0.0336      0.0479      0.0407      1.4246      0.7019      0.0540
     4(H )      0.0467      0.1006      0.0737      2.1536      0.4643      0.2041
     5(H )      0.0457      0.0531      0.0494      1.1602      0.8619      0.0278
     6(H )      0.0221      0.1017      0.0619      4.6036      0.2172      0.3013
     7(H )      0.0558      0.0682      0.0620      1.2227      0.8179      0.0470
     8(C )     -0.0042      0.0256      0.0107     -6.0786     -0.1645      0.1131
     9(C )      0.0295      0.0973      0.0634      3.2939      0.3036      0.2566
    10(H )      0.0350      0.1335      0.0843      3.8149      0.2621      0.3731
    11(C )      0.0409      0.0668      0.0539      1.6343      0.6119      0.0982
    12(H )     -0.0052      0.0976      0.0462    -18.6424     -0.0536      0.3892
    13(H )      0.0843      0.1388      0.1116      1.6468      0.6072      0.2064
    14(H )      0.0443      0.1659      0.1051      3.7414      0.2673      0.4603
    15(N )      0.0870      0.0414      0.0642      0.4763      2.0996     -0.1725
    16(H )      0.0746      0.1631      0.1189      2.1858      0.4575      0.3351
    17(H )      0.0306      0.3059      0.1682      9.9867      0.1001      1.0421
    18(N )      0.0362      0.0344      0.0353      0.9498      1.0529     -0.0069
    19(Pt)      0.7284      0.4216      0.5750      0.5788      1.7277     -1.1616
    20(H )      0.0579      0.2464      0.1522      4.2563      0.2349      0.7138
    21(H )      0.0856      0.3574      0.2215      4.1775      0.2394      1.0294
    22(H )      0.0666      0.2116      0.1391      3.1762      0.3148      0.5488
    23(H )      0.0427      0.2512      0.1469      5.8889      0.1698      0.7895
    24(O )      0.1414      0.0191      0.0802      0.1348      7.4207     -0.4632
    25(O )      0.7482      0.0281      0.3882      0.0376     26.5964     -2.7264
    26(C )      0.1243      0.0160      0.0701      0.1286      7.7778     -0.4100
    27(C )      0.0992      0.0351      0.0672      0.3541      2.8244     -0.2427
    28(H )      0.2284      0.0589      0.1436      0.2577      3.8807     -0.6419
    29(C )      0.0884      0.0269      0.0577      0.3048      3.2807     -0.2327
    30(H )      0.0881      0.0489      0.0685      0.5546      1.8031     -0.1485
    31(H )      0.1183      0.0472      0.0828      0.3986      2.5087     -0.2694
    32(H )      0.1005      0.0550      0.0777      0.5472      1.8276     -0.1723
    33(O )      0.3763      0.1012      0.2387      0.2689      3.7187     -1.0416
 
 E(N):     -808.470639 Hartree
 E(N+1):     -808.464353 Hartree
 E(N-1):     -808.212812 Hartree
 E_HOMO(N):     -0.188655 Hartree,   -5.1336 eV
 E_HOMO(N+1):    0.041941 Hartree,    1.1413 eV
 E_HOMO(N-1):   -0.383297 Hartree,  -10.4300 eV
 First vertical IP:     0.257828 Hartree,    7.0158 eV
 First vertical EA:    -0.006286 Hartree,   -0.1711 eV
 Mulliken electronegativity:     0.125771 Hartree,    3.4224 eV
 Chemical potential:            -0.125771 Hartree,   -3.4224 eV
 Hardness (=fundamental gap):    0.264114 Hartree,    7.1869 eV
 Softness:      3.786243 Hartree^-1,    0.1391 eV^-1
 Softness^2:   14.335638 Hartree^-2,    0.0194 eV^-2
 Electrophilicity index:    0.029946 Hartree,    0.8149 eV
 Nucleophilicity index:     0.146543 Hartree,    3.9876 eV
