 Note: the E(HOMO) of TCE used for evaluating nucleophilicity index is the value evaluated at B3LYP/6-31G* level
 
 Hirshfeld charges, condensed Fukui functions and condensed dual descriptors
 Units used below are "e" (elementary charge)
     Atom     q(N)    q(N+1)   q(N-1)     f-       f+       f0      CDD
     1(C )  -0.0450  -0.0553  -0.0347   0.0103   0.0103   0.0103   0.0001
     2(C )  -0.0195  -0.0273  -0.0213  -0.0017   0.0078   0.0030   0.0095
     3(C )  -0.0463  -0.0564  -0.0357   0.0106   0.0100   0.0103  -0.0006
     4(H )   0.0308   0.0149   0.0454   0.0146   0.0159   0.0152   0.0012
     5(H )   0.0342   0.0191   0.0431   0.0089   0.0151   0.0120   0.0062
     6(H )   0.0291   0.0174   0.0409   0.0118   0.0117   0.0118  -0.0001
     7(H )   0.0331   0.0132   0.0455   0.0125   0.0199   0.0162   0.0074
     8(C )  -0.0204  -0.0232  -0.0221  -0.0016   0.0028   0.0006   0.0044
     9(C )   0.0075  -0.0096   0.0138   0.0063   0.0172   0.0117   0.0109
    10(H )   0.0310   0.0150   0.0302  -0.0008   0.0160   0.0076   0.0168
    11(C )   0.0038  -0.0106   0.0132   0.0094   0.0144   0.0119   0.0050
    12(H )   0.0240  -0.0247   0.0299   0.0059   0.0487   0.0273   0.0428
    13(H )   0.0444   0.0171   0.0527   0.0084   0.0272   0.0178   0.0189
    14(H )   0.0344  -0.0026   0.0573   0.0229   0.0370   0.0300   0.0140
    15(N )  -0.0901  -0.1020  -0.0669   0.0232   0.0119   0.0176  -0.0113
    16(H )   0.0305  -0.0076   0.0496   0.0191   0.0381   0.0286   0.0189
    17(H )   0.0494   0.0148   0.0578   0.0084   0.0346   0.0215   0.0262
    18(N )  -0.0855  -0.0989  -0.0753   0.0103   0.0134   0.0118   0.0031
    19(Pt)   0.1864   0.0709   0.3766   0.1902   0.1155   0.1528  -0.0748
    20(H )   0.1188  -0.0234   0.1384   0.0196   0.1421   0.0809   0.1225
    21(H )   0.1305   0.0775   0.1481   0.0176   0.0530   0.0353   0.0354
    22(H )   0.1196  -0.0104   0.1447   0.0251   0.1300   0.0775   0.1049
    23(H )   0.1284   0.0643   0.1402   0.0118   0.0641   0.0379   0.0523
    24(O )  -0.2870  -0.2920  -0.2495   0.0375   0.0050   0.0213  -0.0325
    25(O )  -0.3263  -0.3348  -0.1294   0.1970   0.0085   0.1027  -0.1884
    26(C )   0.0246   0.0204   0.0574   0.0328   0.0042   0.0185  -0.0287
    27(C )   0.1639   0.1557   0.1900   0.0261   0.0082   0.0171  -0.0179
    28(H )   0.0218   0.0082   0.0823   0.0605   0.0136   0.0370  -0.0469
    29(C )  -0.0960  -0.1031  -0.0727   0.0234   0.0070   0.0152  -0.0163
    30(H )   0.0303   0.0182   0.0616   0.0313   0.0121   0.0217  -0.0192
    31(H )   0.0228   0.0099   0.0493   0.0265   0.0129   0.0197  -0.0136
    32(H )   0.0218   0.0116   0.0450   0.0231   0.0103   0.0167  -0.0129
    33(O )  -0.3048  -0.3315  -0.2058   0.0990   0.0268   0.0629  -0.0722
 
 Condensed local electrophilicity/nucleophilicity index (e*eV)
     Atom              Electrophilicity          Nucleophilicity
     1(C )                  0.00882                  0.04097
     2(C )                  0.00663                 -0.00693
     3(C )                  0.00858                  0.04241
     4(H )                  0.01355                  0.05834
     5(H )                  0.01291                  0.03566
     6(H )                  0.01001                  0.04715
     7(H )                  0.01698                  0.04975
     8(C )                  0.00240                 -0.00654
     9(C )                  0.01466                  0.02496
    10(H )                  0.01366                 -0.00316
    11(C )                  0.01230                  0.03747
    12(H )                  0.04161                  0.02360
    13(H )                  0.02327                  0.03338
    14(H )                  0.03161                  0.09158
    15(N )                  0.01015                  0.09272
    16(H )                  0.03255                  0.07639
    17(H )                  0.02958                  0.03362
    18(N )                  0.01146                  0.04102
    19(Pt)                  0.09869                  0.75952
    20(H )                  0.12149                  0.07833
    21(H )                  0.04528                  0.07021
    22(H )                  0.11110                  0.10017
    23(H )                  0.05480                  0.04699
    24(O )                  0.00428                  0.14980
    25(O )                  0.00728                  0.78638
    26(C )                  0.00355                  0.13115
    27(C )                  0.00702                  0.10411
    28(H )                  0.01162                  0.24147
    29(C )                  0.00600                  0.09328
    30(H )                  0.01035                  0.12494
    31(H )                  0.01104                  0.10580
    32(H )                  0.00877                  0.09240
    33(O )                  0.02289                  0.39519
 
 Condensed local softness (e/Hartree), relative electrophilicity/nucleophilicity (dimensionless) and condensed local hyper-softness (e/Hartree^2)
     Atom         s-          s+          s0        s+/s-       s-/s+       s(2)
     1(C )      0.0395      0.0397      0.0396      1.0051      0.9949      0.0008
     2(C )     -0.0067      0.0299      0.0116     -4.4689     -0.2238      0.1406
     3(C )      0.0409      0.0386      0.0398      0.9450      1.0582     -0.0087
     4(H )      0.0562      0.0610      0.0586      1.0850      0.9216      0.0184
     5(H )      0.0344      0.0581      0.0463      1.6909      0.5914      0.0914
     6(H )      0.0455      0.0451      0.0453      0.9916      1.0084     -0.0015
     7(H )      0.0480      0.0764      0.0622      1.5940      0.6274      0.1096
     8(C )     -0.0063      0.0108      0.0023     -1.7170     -0.5824      0.0659
     9(C )      0.0241      0.0660      0.0450      2.7443      0.3644      0.1616
    10(H )     -0.0030      0.0615      0.0292    -20.1946     -0.0495      0.2485
    11(C )      0.0361      0.0554      0.0458      1.5332      0.6522      0.0741
    12(H )      0.0228      0.1874      0.1051      8.2329      0.1215      0.6336
    13(H )      0.0322      0.1048      0.0685      3.2555      0.3072      0.2794
    14(H )      0.0883      0.1424      0.1153      1.6123      0.6202      0.2081
    15(N )      0.0894      0.0457      0.0676      0.5115      1.9549     -0.1681
    16(H )      0.0736      0.1466      0.1101      1.9902      0.5025      0.2807
    17(H )      0.0324      0.1332      0.0828      4.1095      0.2433      0.3879
    18(N )      0.0396      0.0516      0.0456      1.3049      0.7664      0.0464
    19(Pt)      0.7323      0.4444      0.5883      0.6069      1.6476     -1.1079
    20(H )      0.0755      0.5471      0.3113      7.2446      0.1380      1.8152
    21(H )      0.0677      0.2039      0.1358      3.0126      0.3319      0.5243
    22(H )      0.0966      0.5003      0.2984      5.1808      0.1930      1.5541
    23(H )      0.0453      0.2468      0.1460      5.4471      0.1836      0.7755
    24(O )      0.1444      0.0193      0.0818      0.1335      7.4917     -0.4817
    25(O )      0.7582      0.0328      0.3955      0.0433     23.1176     -2.7920
    26(C )      0.1264      0.0160      0.0712      0.1265      7.9069     -0.4251
    27(C )      0.1004      0.0316      0.0660      0.3151      3.1741     -0.2646
    28(H )      0.2328      0.0523      0.1426      0.2248      4.4479     -0.6946
    29(C )      0.0899      0.0270      0.0585      0.3003      3.3297     -0.2422
    30(H )      0.1205      0.0466      0.0835      0.3869      2.5848     -0.2843
    31(H )      0.1020      0.0497      0.0759      0.4872      2.0524     -0.2013
    32(H )      0.0891      0.0395      0.0643      0.4435      2.2547     -0.1908
    33(O )      0.3810      0.1031      0.2420      0.2705      3.6963     -1.0698
 
 E(N):     -808.475692 Hartree
 E(N+1):     -808.473550 Hartree
 E(N-1):     -808.218038 Hartree
 E_HOMO(N):     -0.188477 Hartree,   -5.1287 eV
 E_HOMO(N+1):    0.040914 Hartree,    1.1133 eV
 E_HOMO(N-1):   -0.382540 Hartree,  -10.4094 eV
 First vertical IP:     0.257654 Hartree,    7.0111 eV
 First vertical EA:    -0.002142 Hartree,   -0.0583 eV
 Mulliken electronegativity:     0.127756 Hartree,    3.4764 eV
 Chemical potential:            -0.127756 Hartree,   -3.4764 eV
 Hardness (=fundamental gap):    0.259796 Hartree,    7.0694 eV
 Softness:      3.849176 Hartree^-1,    0.1415 eV^-1
 Softness^2:   14.816155 Hartree^-2,    0.0200 eV^-2
 Electrophilicity index:    0.031412 Hartree,    0.8548 eV
 Nucleophilicity index:     0.146721 Hartree,    3.9925 eV
