 Note: the E(HOMO) of TCE used for evaluating nucleophilicity index is the value evaluated at B3LYP/6-31G* level
 
 Hirshfeld charges, condensed Fukui functions and condensed dual descriptors
 Units used below are "e" (elementary charge)
     Atom     q(N)    q(N+1)   q(N-1)     f-       f+       f0      CDD
     1(C )  -0.0456  -0.0555  -0.0356   0.0100   0.0099   0.0100  -0.0000
     2(C )  -0.0170  -0.0228  -0.0190  -0.0020   0.0058   0.0019   0.0079
     3(C )  -0.0464  -0.0557  -0.0361   0.0103   0.0093   0.0098  -0.0010
     4(H )   0.0311   0.0157   0.0452   0.0141   0.0154   0.0148   0.0013
     5(H )   0.0342   0.0186   0.0423   0.0081   0.0156   0.0118   0.0075
     6(H )   0.0310   0.0201   0.0417   0.0108   0.0109   0.0108   0.0001
     7(H )   0.0320   0.0128   0.0447   0.0127   0.0192   0.0159   0.0066
     8(C )  -0.0189  -0.0232  -0.0212  -0.0023   0.0043   0.0010   0.0066
     9(C )   0.0048  -0.0197   0.0124   0.0076   0.0244   0.0160   0.0168
    10(H )   0.0323   0.0031   0.0321  -0.0002   0.0292   0.0145   0.0294
    11(C )   0.0031  -0.0114   0.0128   0.0097   0.0145   0.0121   0.0048
    12(H )   0.0272  -0.0060   0.0332   0.0061   0.0332   0.0196   0.0271
    13(H )   0.0417   0.0104   0.0502   0.0085   0.0314   0.0199   0.0229
    14(H )   0.0356  -0.0009   0.0580   0.0225   0.0365   0.0295   0.0140
    15(N )  -0.0902  -0.1010  -0.0662   0.0240   0.0108   0.0174  -0.0133
    16(H )   0.0370  -0.0324   0.0484   0.0114   0.0694   0.0404   0.0580
    17(H )   0.0368  -0.0069   0.0554   0.0186   0.0437   0.0311   0.0251
    18(N )  -0.0860  -0.0962  -0.0755   0.0104   0.0102   0.0103  -0.0002
    19(Pt)   0.1768   0.0387   0.3736   0.1967   0.1381   0.1674  -0.0587
    20(H )   0.1275   0.0325   0.1423   0.0148   0.0950   0.0549   0.0802
    21(H )   0.1258   0.0778   0.1429   0.0171   0.0480   0.0326   0.0308
    22(H )   0.1200   0.0142   0.1453   0.0253   0.1058   0.0655   0.0805
    23(H )   0.1251   0.0657   0.1370   0.0119   0.0595   0.0357   0.0476
    24(O )  -0.2822  -0.2871  -0.2457   0.0365   0.0050   0.0207  -0.0315
    25(O )  -0.3257  -0.3327  -0.1292   0.1965   0.0071   0.1018  -0.1894
    26(C )   0.0250   0.0203   0.0576   0.0327   0.0047   0.0187  -0.0280
    27(C )   0.1652   0.1556   0.1910   0.0258   0.0096   0.0177  -0.0162
    28(H )   0.0223   0.0050   0.0826   0.0603   0.0173   0.0388  -0.0430
    29(C )  -0.0959  -0.1037  -0.0726   0.0233   0.0078   0.0155  -0.0154
    30(H )   0.0231   0.0076   0.0495   0.0264   0.0154   0.0209  -0.0110
    31(H )   0.0221   0.0075   0.0452   0.0231   0.0145   0.0188  -0.0086
    32(H )   0.0307   0.0177   0.0619   0.0312   0.0130   0.0221  -0.0183
    33(O )  -0.3026  -0.3298  -0.2045   0.0980   0.0272   0.0626  -0.0708
 
 Condensed local electrophilicity/nucleophilicity index (e*eV)
     Atom              Electrophilicity          Nucleophilicity
     1(C )                  0.00796                  0.03926
     2(C )                  0.00469                 -0.00791
     3(C )                  0.00746                  0.04050
     4(H )                  0.01236                  0.05557
     5(H )                  0.01248                  0.03181
     6(H )                  0.00871                  0.04245
     7(H )                  0.01541                  0.04979
     8(C )                  0.00346                 -0.00914
     9(C )                  0.01958                  0.02994
    10(H )                  0.02339                 -0.00095
    11(C )                  0.01161                  0.03808
    12(H )                  0.02662                  0.02387
    13(H )                  0.02514                  0.03340
    14(H )                  0.02924                  0.08844
    15(N )                  0.00862                  0.09440
    16(H )                  0.05563                  0.04489
    17(H )                  0.03501                  0.07316
    18(N )                  0.00817                  0.04099
    19(Pt)                  0.11068                  0.77382
    20(H )                  0.07616                  0.05835
    21(H )                  0.03844                  0.06742
    22(H )                  0.08478                  0.09951
    23(H )                  0.04766                  0.04679
    24(O )                  0.00397                  0.14337
    25(O )                  0.00566                  0.77285
    26(C )                  0.00374                  0.12853
    27(C )                  0.00770                  0.10153
    28(H )                  0.01383                  0.23715
    29(C )                  0.00626                  0.09147
    30(H )                  0.01237                  0.10402
    31(H )                  0.01166                  0.09087
    32(H )                  0.01038                  0.12278
    33(O )                  0.02180                  0.38562
 
 Condensed local softness (e/Hartree), relative electrophilicity/nucleophilicity (dimensionless) and condensed local hyper-softness (e/Hartree^2)
     Atom         s-          s+          s0        s+/s-       s-/s+       s(2)
     1(C )      0.0372      0.0370      0.0371      0.9953      1.0047     -0.0006
     2(C )     -0.0075      0.0218      0.0071     -2.9080     -0.3439      0.1091
     3(C )      0.0384      0.0347      0.0365      0.9033      1.1070     -0.0138
     4(H )      0.0526      0.0575      0.0551      1.0919      0.9159      0.0180
     5(H )      0.0301      0.0580      0.0441      1.9243      0.5197      0.1038
     6(H )      0.0402      0.0405      0.0403      1.0062      0.9938      0.0009
     7(H )      0.0472      0.0716      0.0594      1.5184      0.6586      0.0911
     8(C )     -0.0087      0.0161      0.0037     -1.8579     -0.5383      0.0922
     9(C )      0.0284      0.0910      0.0597      3.2085      0.3117      0.2334
    10(H )     -0.0009      0.1087      0.0539   -120.8015     -0.0083      0.4084
    11(C )      0.0361      0.0539      0.0450      1.4956      0.6686      0.0666
    12(H )      0.0226      0.1237      0.0732      5.4725      0.1827      0.3767
    13(H )      0.0316      0.1169      0.0743      3.6938      0.2707      0.3176
    14(H )      0.0838      0.1359      0.1098      1.6222      0.6164      0.1942
    15(N )      0.0894      0.0401      0.0647      0.4479      2.2327     -0.1839
    16(H )      0.0425      0.2586      0.1506      6.0809      0.1644      0.8050
    17(H )      0.0693      0.1627      0.1160      2.3480      0.4259      0.3481
    18(N )      0.0388      0.0380      0.0384      0.9779      1.0226     -0.0032
    19(Pt)      0.7330      0.5145      0.6238      0.7019      1.4248     -0.8143
    20(H )      0.0553      0.3540      0.2046      6.4037      0.1562      1.1129
    21(H )      0.0639      0.1787      0.1213      2.7980      0.3574      0.4278
    22(H )      0.0943      0.3941      0.2442      4.1807      0.2392      1.1170
    23(H )      0.0443      0.2215      0.1329      4.9982      0.2001      0.6603
    24(O )      0.1358      0.0184      0.0771      0.1358      7.3615     -0.4373
    25(O )      0.7321      0.0263      0.3792      0.0360     27.8076     -2.6296
    26(C )      0.1218      0.0174      0.0696      0.1427      7.0084     -0.3889
    27(C )      0.0962      0.0358      0.0660      0.3721      2.6874     -0.2250
    28(H )      0.2246      0.0643      0.1445      0.2862      3.4945     -0.5975
    29(C )      0.0866      0.0291      0.0579      0.3360      2.9763     -0.2144
    30(H )      0.0985      0.0575      0.0780      0.5835      1.7139     -0.1529
    31(H )      0.0861      0.0542      0.0701      0.6296      1.5882     -0.1188
    32(H )      0.1163      0.0483      0.0823      0.4150      2.4098     -0.2535
    33(O )      0.3653      0.1013      0.2333      0.2774      3.6044     -0.9834
 
 E(N):     -808.476947 Hartree
 E(N+1):     -808.468493 Hartree
 E(N-1):     -808.217001 Hartree
 E_HOMO(N):     -0.190659 Hartree,   -5.1881 eV
 E_HOMO(N+1):    0.044413 Hartree,    1.2085 eV
 E_HOMO(N-1):   -0.385413 Hartree,  -10.4876 eV
 First vertical IP:     0.259946 Hartree,    7.0735 eV
 First vertical EA:    -0.008454 Hartree,   -0.2300 eV
 Mulliken electronegativity:     0.125746 Hartree,    3.4217 eV
 Chemical potential:            -0.125746 Hartree,   -3.4217 eV
 Hardness (=fundamental gap):    0.268400 Hartree,    7.3035 eV
 Softness:      3.725781 Hartree^-1,    0.1369 eV^-1
 Softness^2:   13.881444 Hartree^-2,    0.0187 eV^-2
 Electrophilicity index:    0.029456 Hartree,    0.8015 eV
 Nucleophilicity index:     0.144539 Hartree,    3.9331 eV
