 Note: the E(HOMO) of TCE used for evaluating nucleophilicity index is the value evaluated at B3LYP/6-31G* level
 
 Hirshfeld charges, condensed Fukui functions and condensed dual descriptors
 Units used below are "e" (elementary charge)
     Atom     q(N)    q(N+1)   q(N-1)     f-       f+       f0      CDD
     1(C )  -0.0464  -0.0558  -0.0360   0.0104   0.0094   0.0099  -0.0010
     2(C )  -0.0187  -0.0233  -0.0210  -0.0022   0.0046   0.0012   0.0068
     3(C )  -0.0456  -0.0555  -0.0357   0.0099   0.0099   0.0099  -0.0001
     4(H )   0.0321   0.0129   0.0450   0.0129   0.0191   0.0160   0.0062
     5(H )   0.0312   0.0200   0.0420   0.0108   0.0112   0.0110   0.0005
     6(H )   0.0339   0.0180   0.0419   0.0080   0.0159   0.0120   0.0079
     7(H )   0.0311   0.0154   0.0450   0.0140   0.0156   0.0148   0.0017
     8(C )  -0.0171  -0.0230  -0.0187  -0.0016   0.0060   0.0022   0.0076
     9(C )   0.0032  -0.0133   0.0103   0.0071   0.0164   0.0118   0.0094
    10(H )   0.0275  -0.0075   0.0335   0.0060   0.0350   0.0205   0.0290
    11(C )   0.0044  -0.0183   0.0132   0.0089   0.0227   0.0158   0.0138
    12(H )   0.0321   0.0011   0.0325   0.0005   0.0310   0.0157   0.0305
    13(H )   0.0371  -0.0287   0.0489   0.0118   0.0658   0.0388   0.0541
    14(H )   0.0363  -0.0046   0.0574   0.0211   0.0410   0.0310   0.0199
    15(N )  -0.0900  -0.0998  -0.0667   0.0233   0.0098   0.0165  -0.0136
    16(H )   0.0412   0.0033   0.0475   0.0063   0.0379   0.0221   0.0316
    17(H )   0.0357  -0.0054   0.0555   0.0198   0.0411   0.0304   0.0212
    18(N )  -0.0860  -0.0966  -0.0749   0.0111   0.0106   0.0108  -0.0005
    19(Pt)   0.1768   0.0412   0.3719   0.1950   0.1356   0.1653  -0.0594
    20(H )   0.1223   0.0708   0.1333   0.0110   0.0514   0.0312   0.0404
    21(H )   0.1287   0.0479   0.1501   0.0214   0.0808   0.0511   0.0594
    22(H )   0.1258   0.0669   0.1451   0.0194   0.0589   0.0391   0.0395
    23(H )   0.1210   0.0112   0.1406   0.0196   0.1098   0.0647   0.0902
    24(O )  -0.2876  -0.2918  -0.2487   0.0388   0.0042   0.0215  -0.0346
    25(O )  -0.3191  -0.3266  -0.1304   0.1888   0.0075   0.0981  -0.1813
    26(C )   0.0253   0.0206   0.0584   0.0331   0.0046   0.0189  -0.0285
    27(C )   0.1644   0.1543   0.1928   0.0284   0.0101   0.0192  -0.0183
    28(H )   0.0211   0.0033   0.0817   0.0606   0.0178   0.0392  -0.0428
    29(C )  -0.0954  -0.1029  -0.0734   0.0221   0.0075   0.0148  -0.0146
    30(H )   0.0235   0.0100   0.0466   0.0231   0.0135   0.0183  -0.0096
    31(H )   0.0308   0.0181   0.0609   0.0300   0.0127   0.0214  -0.0173
    32(H )   0.0233   0.0081   0.0497   0.0264   0.0152   0.0208  -0.0112
    33(O )  -0.3027  -0.3296  -0.1986   0.1041   0.0269   0.0655  -0.0772
 
 Condensed local electrophilicity/nucleophilicity index (e*eV)
     Atom              Electrophilicity          Nucleophilicity
     1(C )                  0.00748                  0.04101
     2(C )                  0.00365                 -0.00883
     3(C )                  0.00784                  0.03901
     4(H )                  0.01524                  0.05088
     5(H )                  0.00892                  0.04231
     6(H )                  0.01267                  0.03156
     7(H )                  0.01245                  0.05496
     8(C )                  0.00477                 -0.00647
     9(C )                  0.01309                  0.02780
    10(H )                  0.02788                  0.02378
    11(C )                  0.01804                  0.03487
    12(H )                  0.02466                  0.00183
    13(H )                  0.05238                  0.04635
    14(H )                  0.03261                  0.08301
    15(N )                  0.00776                  0.09183
    16(H )                  0.03017                  0.02482
    17(H )                  0.03268                  0.07799
    18(N )                  0.00842                  0.04357
    19(Pt)                  0.10790                  0.76758
    20(H )                  0.04092                  0.04334
    21(H )                  0.06427                  0.08416
    22(H )                  0.04687                  0.07620
    23(H )                  0.08739                  0.07727
    24(O )                  0.00336                  0.15287
    25(O )                  0.00595                  0.74297
    26(C )                  0.00370                  0.13039
    27(C )                  0.00804                  0.11165
    28(H )                  0.01414                  0.23843
    29(C )                  0.00596                  0.08690
    30(H )                  0.01076                  0.09101
    31(H )                  0.01010                  0.11822
    32(H )                  0.01211                  0.10403
    33(O )                  0.02140                  0.40981
 
 Condensed local softness (e/Hartree), relative electrophilicity/nucleophilicity (dimensionless) and condensed local hyper-softness (e/Hartree^2)
     Atom         s-          s+          s0        s+/s-       s-/s+       s(2)
     1(C )      0.0388      0.0350      0.0369      0.9018      1.1089     -0.0142
     2(C )     -0.0083      0.0171      0.0044     -2.0483     -0.4882      0.0947
     3(C )      0.0369      0.0367      0.0368      0.9945      1.0056     -0.0008
     4(H )      0.0481      0.0713      0.0597      1.4811      0.6752      0.0862
     5(H )      0.0400      0.0417      0.0409      1.0423      0.9594      0.0063
     6(H )      0.0298      0.0592      0.0445      1.9850      0.5038      0.1094
     7(H )      0.0520      0.0582      0.0551      1.1201      0.8928      0.0232
     8(C )     -0.0061      0.0223      0.0081     -3.6415     -0.2746      0.1058
     9(C )      0.0263      0.0612      0.0438      2.3287      0.4294      0.1300
    10(H )      0.0225      0.1304      0.0764      5.7988      0.1724      0.4016
    11(C )      0.0330      0.0844      0.0587      2.5591      0.3908      0.1913
    12(H )      0.0017      0.1153      0.0585     66.7466      0.0150      0.4228
    13(H )      0.0438      0.2450      0.1444      5.5901      0.1789      0.7487
    14(H )      0.0785      0.1525      0.1155      1.9426      0.5148      0.2754
    15(N )      0.0868      0.0363      0.0616      0.4180      2.3921     -0.1881
    16(H )      0.0235      0.1411      0.0823      6.0133      0.1663      0.4379
    17(H )      0.0738      0.1528      0.1133      2.0722      0.4826      0.2943
    18(N )      0.0412      0.0394      0.0403      0.9563      1.0457     -0.0067
    19(Pt)      0.7259      0.5047      0.6153      0.6953      1.4383     -0.8232
    20(H )      0.0410      0.1914      0.1162      4.6701      0.2141      0.5598
    21(H )      0.0796      0.3006      0.1901      3.7767      0.2648      0.8225
    22(H )      0.0721      0.2192      0.1456      3.0420      0.3287      0.5476
    23(H )      0.0731      0.4087      0.2409      5.5940      0.1788      1.2493
    24(O )      0.1446      0.0157      0.0801      0.1087      9.1992     -0.4795
    25(O )      0.7026      0.0278      0.3652      0.0396     25.2566     -2.5113
    26(C )      0.1233      0.0173      0.0703      0.1402      7.1328     -0.3946
    27(C )      0.1056      0.0376      0.0716      0.3563      2.8066     -0.2529
    28(H )      0.2255      0.0661      0.1458      0.2933      3.4093     -0.5930
    29(C )      0.0822      0.0279      0.0550      0.3393      2.9476     -0.2021
    30(H )      0.0861      0.0503      0.0682      0.5850      1.7095     -0.1329
    31(H )      0.1118      0.0472      0.0795      0.4226      2.3662     -0.2402
    32(H )      0.0984      0.0566      0.0775      0.5757      1.7371     -0.1554
    33(O )      0.3875      0.1001      0.2438      0.2583      3.8717     -1.0698
 
 E(N):     -808.477038 Hartree
 E(N+1):     -808.468048 Hartree
 E(N-1):     -808.217334 Hartree
 E_HOMO(N):     -0.190568 Hartree,   -5.1856 eV
 E_HOMO(N+1):    0.044386 Hartree,    1.2078 eV
 E_HOMO(N-1):   -0.386123 Hartree,  -10.5070 eV
 First vertical IP:     0.259703 Hartree,    7.0669 eV
 First vertical EA:    -0.008990 Hartree,   -0.2446 eV
 Mulliken electronegativity:     0.125357 Hartree,    3.4111 eV
 Chemical potential:            -0.125357 Hartree,   -3.4111 eV
 Hardness (=fundamental gap):    0.268693 Hartree,    7.3115 eV
 Softness:      3.721719 Hartree^-1,    0.1368 eV^-1
 Softness^2:   13.851190 Hartree^-2,    0.0187 eV^-2
 Electrophilicity index:    0.029242 Hartree,    0.7957 eV
 Nucleophilicity index:     0.144630 Hartree,    3.9356 eV
