 Note: the E(HOMO) of TCE used for evaluating nucleophilicity index is the value evaluated at B3LYP/6-31G* level
 
 Hirshfeld charges, condensed Fukui functions and condensed dual descriptors
 Units used below are "e" (elementary charge)
     Atom     q(N)    q(N+1)   q(N-1)     f-       f+       f0      CDD
     1(C )  -0.0479  -0.0603  -0.0390   0.0089   0.0125   0.0107   0.0036
     2(C )  -0.0181  -0.0249  -0.0193  -0.0012   0.0068   0.0028   0.0079
     3(C )  -0.0462  -0.0584  -0.0359   0.0104   0.0122   0.0113   0.0018
     4(H )   0.0314   0.0136   0.0461   0.0148   0.0177   0.0163   0.0030
     5(H )   0.0304   0.0051   0.0364   0.0060   0.0253   0.0156   0.0192
     6(H )   0.0312   0.0175   0.0431   0.0119   0.0136   0.0128   0.0017
     7(H )   0.0333   0.0072   0.0455   0.0122   0.0260   0.0191   0.0138
     8(C )  -0.0214  -0.0266  -0.0228  -0.0014   0.0052   0.0019   0.0066
     9(C )   0.0057  -0.0126   0.0133   0.0075   0.0184   0.0129   0.0108
    10(H )   0.0253   0.0024   0.0235  -0.0018   0.0229   0.0106   0.0247
    11(C )   0.0030  -0.0220   0.0126   0.0097   0.0250   0.0173   0.0153
    12(H )   0.0303  -0.0054   0.0398   0.0095   0.0357   0.0226   0.0263
    13(H )   0.0361  -0.0047   0.0585   0.0224   0.0408   0.0316   0.0184
    14(H )   0.0365  -0.0450   0.0461   0.0096   0.0816   0.0456   0.0720
    15(N )  -0.0875  -0.0963  -0.0650   0.0225   0.0089   0.0157  -0.0136
    16(H )   0.0323  -0.0065   0.0520   0.0197   0.0389   0.0293   0.0192
    17(H )   0.0488   0.0045   0.0575   0.0087   0.0443   0.0265   0.0356
    18(N )  -0.0836  -0.0948  -0.0732   0.0104   0.0113   0.0108   0.0009
    19(Pt)   0.1826   0.0691   0.3744   0.1918   0.1135   0.1527  -0.0783
    20(H )   0.1203   0.0161   0.1387   0.0184   0.1042   0.0613   0.0858
    21(H )   0.1233   0.0670   0.1450   0.0218   0.0562   0.0390   0.0345
    22(H )   0.1316   0.0683   0.1498   0.0182   0.0633   0.0407   0.0451
    23(H )   0.1282   0.0678   0.1396   0.0114   0.0604   0.0359   0.0490
    24(O )  -0.2886  -0.2931  -0.2496   0.0390   0.0045   0.0218  -0.0345
    25(O )  -0.3234  -0.3315  -0.1305   0.1930   0.0081   0.1005  -0.1849
    26(C )   0.0248   0.0203   0.0579   0.0331   0.0045   0.0188  -0.0287
    27(C )   0.1639   0.1549   0.1913   0.0274   0.0090   0.0182  -0.0184
    28(H )   0.0216   0.0056   0.0822   0.0606   0.0160   0.0383  -0.0446
    29(C )  -0.0956  -0.1030  -0.0728   0.0228   0.0074   0.0151  -0.0154
    30(H )   0.0305   0.0180   0.0612   0.0307   0.0125   0.0216  -0.0182
    31(H )   0.0230   0.0086   0.0496   0.0266   0.0144   0.0205  -0.0122
    32(H )   0.0226   0.0105   0.0457   0.0232   0.0121   0.0176  -0.0111
    33(O )  -0.3043  -0.3306  -0.2020   0.1023   0.0264   0.0643  -0.0759
 
 Condensed local electrophilicity/nucleophilicity index (e*eV)
     Atom              Electrophilicity          Nucleophilicity
     1(C )                  0.01019                  0.03532
     2(C )                  0.00553                 -0.00468
     3(C )                  0.00997                  0.04137
     4(H )                  0.01451                  0.05871
     5(H )                  0.02065                  0.02400
     6(H )                  0.01115                  0.04736
     7(H )                  0.02129                  0.04857
     8(C )                  0.00424                 -0.00564
     9(C )                  0.01502                  0.02991
    10(H )                  0.01872                 -0.00701
    11(C )                  0.02045                  0.03850
    12(H )                  0.02922                  0.03762
    13(H )                  0.03338                  0.08917
    14(H )                  0.06670                  0.03804
    15(N )                  0.00724                  0.08939
    16(H )                  0.03177                  0.07835
    17(H )                  0.03624                  0.03471
    18(N )                  0.00923                  0.04121
    19(Pt)                  0.09280                  0.76328
    20(H )                  0.08518                  0.07304
    21(H )                  0.04599                  0.08660
    22(H )                  0.05175                  0.07240
    23(H )                  0.04940                  0.04534
    24(O )                  0.00370                  0.15529
    25(O )                  0.00660                  0.76783
    26(C )                  0.00365                  0.13178
    27(C )                  0.00737                  0.10908
    28(H )                  0.01308                  0.24122
    29(C )                  0.00603                  0.09075
    30(H )                  0.01022                  0.12229
    31(H )                  0.01178                  0.10569
    32(H )                  0.00990                  0.09214
    33(O )                  0.02158                  0.40702
 
 Condensed local softness (e/Hartree), relative electrophilicity/nucleophilicity (dimensionless) and condensed local hyper-softness (e/Hartree^2)
     Atom         s-          s+          s0        s+/s-       s-/s+       s(2)
     1(C )      0.0336      0.0472      0.0404      1.4042      0.7121      0.0514
     2(C )     -0.0045      0.0256      0.0106     -5.7488     -0.1740      0.1139
     3(C )      0.0394      0.0462      0.0428      1.1732      0.8523      0.0258
     4(H )      0.0559      0.0672      0.0615      1.2030      0.8313      0.0429
     5(H )      0.0228      0.0956      0.0592      4.1877      0.2388      0.2755
     6(H )      0.0451      0.0516      0.0483      1.1459      0.8727      0.0249
     7(H )      0.0462      0.0986      0.0724      2.1326      0.4689      0.1982
     8(C )     -0.0054      0.0196      0.0071     -3.6639     -0.2729      0.0947
     9(C )      0.0285      0.0695      0.0490      2.4427      0.4094      0.1554
    10(H )     -0.0067      0.0867      0.0400    -12.9927     -0.0770      0.3533
    11(C )      0.0366      0.0947      0.0657      2.5846      0.3869      0.2198
    12(H )      0.0358      0.1353      0.0855      3.7795      0.2646      0.3766
    13(H )      0.0848      0.1545      0.1197      1.8215      0.5490      0.2639
    14(H )      0.0362      0.3088      0.1725      8.5339      0.1172      1.0322
    15(N )      0.0850      0.0335      0.0593      0.3943      2.5364     -0.1950
    16(H )      0.0745      0.1471      0.1108      1.9733      0.5068      0.2747
    17(H )      0.0330      0.1678      0.1004      5.0805      0.1968      0.5101
    18(N )      0.0392      0.0427      0.0410      1.0896      0.9178      0.0133
    19(Pt)      0.7262      0.4297      0.5779      0.5916      1.6902     -1.1227
    20(H )      0.0695      0.3944      0.2319      5.6752      0.1762      1.2300
    21(H )      0.0824      0.2129      0.1477      2.5843      0.3869      0.4942
    22(H )      0.0689      0.2396      0.1542      3.4785      0.2875      0.6463
    23(H )      0.0431      0.2287      0.1359      5.3021      0.1886      0.7026
    24(O )      0.1478      0.0172      0.0825      0.1161      8.6140     -0.4944
    25(O )      0.7305      0.0306      0.3806      0.0419     23.8923     -2.6500
    26(C )      0.1254      0.0169      0.0711      0.1346      7.4279     -0.4108
    27(C )      0.1038      0.0341      0.0690      0.3290      3.0396     -0.2636
    28(H )      0.2295      0.0606      0.1450      0.2639      3.7900     -0.6396
    29(C )      0.0863      0.0279      0.0571      0.3233      3.0929     -0.2212
    30(H )      0.1163      0.0473      0.0818      0.4068      2.4585     -0.2613
    31(H )      0.1006      0.0545      0.0775      0.5424      1.8436     -0.1742
    32(H )      0.0877      0.0458      0.0667      0.5227      1.9131     -0.1584
    33(O )      0.3873      0.0999      0.2436      0.2580      3.8767     -1.0879
 
 E(N):     -808.470826 Hartree
 E(N+1):     -808.464749 Hartree
 E(N-1):     -808.212760 Hartree
 E_HOMO(N):     -0.188970 Hartree,   -5.1421 eV
 E_HOMO(N+1):    0.041957 Hartree,    1.1417 eV
 E_HOMO(N-1):   -0.383543 Hartree,  -10.4367 eV
 First vertical IP:     0.258067 Hartree,    7.0224 eV
 First vertical EA:    -0.006077 Hartree,   -0.1654 eV
 Mulliken electronegativity:     0.125995 Hartree,    3.4285 eV
 Chemical potential:            -0.125995 Hartree,   -3.4285 eV
 Hardness (=fundamental gap):    0.264144 Hartree,    7.1877 eV
 Softness:      3.785817 Hartree^-1,    0.1391 eV^-1
 Softness^2:   14.332410 Hartree^-2,    0.0194 eV^-2
 Electrophilicity index:    0.030049 Hartree,    0.8177 eV
 Nucleophilicity index:     0.146228 Hartree,    3.9791 eV
