 Note: the E(HOMO) of TCE used for evaluating nucleophilicity index is the value evaluated at B3LYP/6-31G* level
 
 Hirshfeld charges, condensed Fukui functions and condensed dual descriptors
 Units used below are "e" (elementary charge)
     Atom     q(N)    q(N+1)   q(N-1)     f-       f+       f0      CDD
     1(C )  -0.0450  -0.0553  -0.0347   0.0103   0.0103   0.0103   0.0001
     2(C )  -0.0195  -0.0273  -0.0213  -0.0017   0.0078   0.0030   0.0095
     3(C )  -0.0464  -0.0564  -0.0357   0.0106   0.0100   0.0103  -0.0006
     4(H )   0.0308   0.0149   0.0454   0.0146   0.0159   0.0152   0.0012
     5(H )   0.0342   0.0191   0.0431   0.0089   0.0151   0.0120   0.0062
     6(H )   0.0291   0.0174   0.0409   0.0118   0.0117   0.0118  -0.0001
     7(H )   0.0331   0.0132   0.0455   0.0125   0.0199   0.0162   0.0074
     8(C )  -0.0204  -0.0232  -0.0221  -0.0016   0.0028   0.0006   0.0044
     9(C )   0.0075  -0.0096   0.0138   0.0062   0.0172   0.0117   0.0109
    10(H )   0.0310   0.0150   0.0302  -0.0008   0.0160   0.0076   0.0168
    11(C )   0.0038  -0.0106   0.0132   0.0094   0.0144   0.0119   0.0050
    12(H )   0.0240  -0.0247   0.0299   0.0059   0.0487   0.0273   0.0428
    13(H )   0.0443   0.0171   0.0527   0.0084   0.0272   0.0178   0.0189
    14(H )   0.0344  -0.0026   0.0573   0.0229   0.0370   0.0300   0.0140
    15(N )  -0.0901  -0.1020  -0.0669   0.0232   0.0119   0.0176  -0.0113
    16(H )   0.0305  -0.0076   0.0496   0.0191   0.0381   0.0286   0.0189
    17(H )   0.0494   0.0148   0.0578   0.0084   0.0346   0.0215   0.0262
    18(N )  -0.0855  -0.0989  -0.0753   0.0103   0.0134   0.0118   0.0031
    19(Pt)   0.1864   0.0709   0.3767   0.1903   0.1155   0.1529  -0.0748
    20(H )   0.1188  -0.0234   0.1384   0.0196   0.1421   0.0809   0.1225
    21(H )   0.1305   0.0775   0.1481   0.0176   0.0530   0.0353   0.0354
    22(H )   0.1196  -0.0104   0.1447   0.0251   0.1300   0.0775   0.1049
    23(H )   0.1284   0.0643   0.1402   0.0118   0.0641   0.0379   0.0523
    24(O )  -0.2870  -0.2920  -0.2495   0.0375   0.0050   0.0213  -0.0325
    25(O )  -0.3263  -0.3348  -0.1293   0.1970   0.0085   0.1028  -0.1885
    26(C )   0.0246   0.0204   0.0574   0.0328   0.0042   0.0185  -0.0287
    27(C )   0.1639   0.1557   0.1900   0.0261   0.0082   0.0171  -0.0178
    28(H )   0.0218   0.0082   0.0823   0.0605   0.0136   0.0370  -0.0469
    29(C )  -0.0960  -0.1031  -0.0727   0.0234   0.0070   0.0152  -0.0164
    30(H )   0.0218   0.0116   0.0450   0.0231   0.0103   0.0167  -0.0129
    31(H )   0.0303   0.0182   0.0616   0.0313   0.0121   0.0217  -0.0192
    32(H )   0.0228   0.0099   0.0493   0.0265   0.0129   0.0197  -0.0136
    33(O )  -0.3048  -0.3315  -0.2058   0.0989   0.0268   0.0629  -0.0722
 
 Condensed local electrophilicity/nucleophilicity index (e*eV)
     Atom              Electrophilicity          Nucleophilicity
     1(C )                  0.00882                  0.04097
     2(C )                  0.00663                 -0.00693
     3(C )                  0.00858                  0.04241
     4(H )                  0.01355                  0.05835
     5(H )                  0.01291                  0.03564
     6(H )                  0.01001                  0.04715
     7(H )                  0.01698                  0.04975
     8(C )                  0.00240                 -0.00654
     9(C )                  0.01466                  0.02495
    10(H )                  0.01366                 -0.00316
    11(C )                  0.01230                  0.03747
    12(H )                  0.04160                  0.02362
    13(H )                  0.02326                  0.03338
    14(H )                  0.03161                  0.09159
    15(N )                  0.01016                  0.09273
    16(H )                  0.03255                  0.07638
    17(H )                  0.02958                  0.03362
    18(N )                  0.01146                  0.04102
    19(Pt)                  0.09870                  0.75962
    20(H )                  0.12151                  0.07833
    21(H )                  0.04528                  0.07021
    22(H )                  0.11111                  0.10017
    23(H )                  0.05480                  0.04698
    24(O )                  0.00428                  0.14975
    25(O )                  0.00728                  0.78648
    26(C )                  0.00355                  0.13112
    27(C )                  0.00702                  0.10403
    28(H )                  0.01162                  0.24147
    29(C )                  0.00600                  0.09333
    30(H )                  0.00877                  0.09241
    31(H )                  0.01035                  0.12497
    32(H )                  0.01104                  0.10580
    33(O )                  0.02289                  0.39499
 
 Condensed local softness (e/Hartree), relative electrophilicity/nucleophilicity (dimensionless) and condensed local hyper-softness (e/Hartree^2)
     Atom         s-          s+          s0        s+/s-       s-/s+       s(2)
     1(C )      0.0395      0.0397      0.0396      1.0050      0.9950      0.0008
     2(C )     -0.0067      0.0298      0.0116     -4.4672     -0.2239      0.1406
     3(C )      0.0409      0.0386      0.0398      0.9448      1.0584     -0.0087
     4(H )      0.0563      0.0610      0.0586      1.0847      0.9219      0.0183
     5(H )      0.0344      0.0581      0.0462      1.6918      0.5911      0.0915
     6(H )      0.0455      0.0451      0.0453      0.9914      1.0087     -0.0015
     7(H )      0.0480      0.0764      0.0622      1.5935      0.6275      0.1096
     8(C )     -0.0063      0.0108      0.0023     -1.7147     -0.5832      0.0659
     9(C )      0.0241      0.0660      0.0450      2.7451      0.3643      0.1616
    10(H )     -0.0031      0.0615      0.0292    -20.1592     -0.0496      0.2485
    11(C )      0.0361      0.0554      0.0457      1.5329      0.6523      0.0741
    12(H )      0.0228      0.1873      0.1051      8.2269      0.1216      0.6335
    13(H )      0.0322      0.1047      0.0685      3.2551      0.3072      0.2793
    14(H )      0.0883      0.1423      0.1153      1.6121      0.6203      0.2080
    15(N )      0.0894      0.0457      0.0676      0.5115      1.9550     -0.1681
    16(H )      0.0736      0.1466      0.1101      1.9904      0.5024      0.2807
    17(H )      0.0324      0.1332      0.0828      4.1090      0.2434      0.3879
    18(N )      0.0395      0.0516      0.0456      1.3053      0.7661      0.0465
    19(Pt)      0.7324      0.4444      0.5884      0.6068      1.6479     -1.1083
    20(H )      0.0755      0.5471      0.3113      7.2455      0.1380      1.8154
    21(H )      0.0677      0.2039      0.1358      3.0125      0.3320      0.5243
    22(H )      0.0966      0.5003      0.2985      5.1808      0.1930      1.5541
    23(H )      0.0453      0.2468      0.1460      5.4482      0.1835      0.7755
    24(O )      0.1444      0.0193      0.0818      0.1336      7.4873     -0.4815
    25(O )      0.7583      0.0328      0.3955      0.0432     23.1225     -2.7924
    26(C )      0.1264      0.0160      0.0712      0.1265      7.9059     -0.4250
    27(C )      0.1003      0.0316      0.0660      0.3153      3.1717     -0.2643
    28(H )      0.2328      0.0523      0.1426      0.2248      4.4479     -0.6946
    29(C )      0.0900      0.0270      0.0585      0.3002      3.3313     -0.2424
    30(H )      0.0891      0.0395      0.0643      0.4434      2.2551     -0.1909
    31(H )      0.1205      0.0466      0.0835      0.3868      2.5855     -0.2844
    32(H )      0.1020      0.0497      0.0759      0.4872      2.0524     -0.2013
    33(O )      0.3808      0.1031      0.2419      0.2707      3.6944     -1.0690
 
 E(N):     -808.475692 Hartree
 E(N+1):     -808.473551 Hartree
 E(N-1):     -808.218033 Hartree
 E_HOMO(N):     -0.188480 Hartree,   -5.1288 eV
 E_HOMO(N+1):    0.040914 Hartree,    1.1133 eV
 E_HOMO(N-1):   -0.382527 Hartree,  -10.4091 eV
 First vertical IP:     0.257659 Hartree,    7.0112 eV
 First vertical EA:    -0.002141 Hartree,   -0.0583 eV
 Mulliken electronegativity:     0.127759 Hartree,    3.4765 eV
 Chemical potential:            -0.127759 Hartree,   -3.4765 eV
 Hardness (=fundamental gap):    0.259799 Hartree,    7.0695 eV
 Softness:      3.849123 Hartree^-1,    0.1415 eV^-1
 Softness^2:   14.815749 Hartree^-2,    0.0200 eV^-2
 Electrophilicity index:    0.031413 Hartree,    0.8548 eV
 Nucleophilicity index:     0.146718 Hartree,    3.9924 eV
