 Note: the E(HOMO) of TCE used for evaluating nucleophilicity index is the value evaluated at B3LYP/6-31G* level
 
 Hirshfeld charges, condensed Fukui functions and condensed dual descriptors
 Units used below are "e" (elementary charge)
     Atom     q(N)    q(N+1)   q(N-1)     f-       f+       f0      CDD
     1(C )  -0.0456  -0.0555  -0.0356   0.0100   0.0099   0.0100  -0.0000
     2(C )  -0.0170  -0.0228  -0.0190  -0.0020   0.0058   0.0019   0.0079
     3(C )  -0.0464  -0.0557  -0.0361   0.0103   0.0093   0.0098  -0.0010
     4(H )   0.0311   0.0157   0.0452   0.0141   0.0154   0.0148   0.0013
     5(H )   0.0342   0.0187   0.0423   0.0081   0.0156   0.0118   0.0075
     6(H )   0.0310   0.0201   0.0418   0.0108   0.0109   0.0108   0.0001
     7(H )   0.0320   0.0128   0.0447   0.0127   0.0192   0.0159   0.0066
     8(C )  -0.0189  -0.0232  -0.0212  -0.0023   0.0043   0.0010   0.0066
     9(C )   0.0048  -0.0196   0.0124   0.0076   0.0244   0.0160   0.0168
    10(H )   0.0323   0.0031   0.0321  -0.0002   0.0292   0.0145   0.0294
    11(C )   0.0031  -0.0114   0.0128   0.0097   0.0145   0.0121   0.0048
    12(H )   0.0272  -0.0060   0.0332   0.0061   0.0332   0.0196   0.0271
    13(H )   0.0417   0.0104   0.0502   0.0085   0.0314   0.0199   0.0229
    14(H )   0.0356  -0.0009   0.0580   0.0225   0.0365   0.0295   0.0140
    15(N )  -0.0902  -0.1010  -0.0662   0.0240   0.0108   0.0174  -0.0133
    16(H )   0.0370  -0.0324   0.0484   0.0114   0.0694   0.0404   0.0580
    17(H )   0.0368  -0.0069   0.0554   0.0186   0.0437   0.0311   0.0251
    18(N )  -0.0860  -0.0962  -0.0755   0.0104   0.0102   0.0103  -0.0002
    19(Pt)   0.1768   0.0387   0.3736   0.1968   0.1381   0.1674  -0.0587
    20(H )   0.1275   0.0325   0.1423   0.0148   0.0950   0.0549   0.0802
    21(H )   0.1258   0.0778   0.1430   0.0171   0.0480   0.0326   0.0308
    22(H )   0.1200   0.0142   0.1453   0.0253   0.1058   0.0655   0.0805
    23(H )   0.1251   0.0657   0.1370   0.0119   0.0595   0.0357   0.0476
    24(O )  -0.2822  -0.2871  -0.2457   0.0364   0.0050   0.0207  -0.0315
    25(O )  -0.3257  -0.3327  -0.1291   0.1965   0.0071   0.1018  -0.1895
    26(C )   0.0250   0.0203   0.0576   0.0327   0.0047   0.0187  -0.0280
    27(C )   0.1652   0.1556   0.1910   0.0258   0.0096   0.0177  -0.0162
    28(H )   0.0223   0.0050   0.0826   0.0603   0.0173   0.0388  -0.0430
    29(C )  -0.0959  -0.1037  -0.0726   0.0233   0.0078   0.0155  -0.0155
    30(H )   0.0307   0.0177   0.0619   0.0312   0.0130   0.0221  -0.0183
    31(H )   0.0231   0.0076   0.0495   0.0264   0.0154   0.0209  -0.0110
    32(H )   0.0221   0.0075   0.0452   0.0231   0.0145   0.0188  -0.0086
    33(O )  -0.3026  -0.3298  -0.2046   0.0980   0.0272   0.0626  -0.0708
 
 Condensed local electrophilicity/nucleophilicity index (e*eV)
     Atom              Electrophilicity          Nucleophilicity
     1(C )                  0.00796                  0.03926
     2(C )                  0.00469                 -0.00791
     3(C )                  0.00746                  0.04050
     4(H )                  0.01237                  0.05557
     5(H )                  0.01248                  0.03182
     6(H )                  0.00871                  0.04245
     7(H )                  0.01541                  0.04979
     8(C )                  0.00346                 -0.00914
     9(C )                  0.01958                  0.02995
    10(H )                  0.02339                 -0.00095
    11(C )                  0.01161                  0.03808
    12(H )                  0.02662                  0.02386
    13(H )                  0.02515                  0.03341
    14(H )                  0.02924                  0.08844
    15(N )                  0.00862                  0.09440
    16(H )                  0.05563                  0.04489
    17(H )                  0.03501                  0.07316
    18(N )                  0.00817                  0.04099
    19(Pt)                  0.11068                  0.77391
    20(H )                  0.07614                  0.05834
    21(H )                  0.03845                  0.06743
    22(H )                  0.08478                  0.09951
    23(H )                  0.04766                  0.04679
    24(O )                  0.00397                  0.14334
    25(O )                  0.00566                  0.77293
    26(C )                  0.00374                  0.12850
    27(C )                  0.00770                  0.10145
    28(H )                  0.01383                  0.23712
    29(C )                  0.00626                  0.09150
    30(H )                  0.01038                  0.12281
    31(H )                  0.01237                  0.10402
    32(H )                  0.01166                  0.09087
    33(O )                  0.02180                  0.38546
 
 Condensed local softness (e/Hartree), relative electrophilicity/nucleophilicity (dimensionless) and condensed local hyper-softness (e/Hartree^2)
     Atom         s-          s+          s0        s+/s-       s-/s+       s(2)
     1(C )      0.0372      0.0370      0.0371      0.9953      1.0047     -0.0006
     2(C )     -0.0075      0.0218      0.0071     -2.9072     -0.3440      0.1091
     3(C )      0.0384      0.0347      0.0365      0.9032      1.1071     -0.0138
     4(H )      0.0526      0.0575      0.0551      1.0919      0.9159      0.0180
     5(H )      0.0301      0.0580      0.0441      1.9241      0.5197      0.1038
     6(H )      0.0402      0.0405      0.0403      1.0063      0.9938      0.0009
     7(H )      0.0472      0.0716      0.0594      1.5182      0.6587      0.0911
     8(C )     -0.0087      0.0161      0.0037     -1.8581     -0.5382      0.0922
     9(C )      0.0284      0.0910      0.0597      3.2079      0.3117      0.2333
    10(H )     -0.0009      0.1087      0.0539   -121.2998     -0.0082      0.4084
    11(C )      0.0361      0.0540      0.0450      1.4957      0.6686      0.0666
    12(H )      0.0226      0.1237      0.0732      5.4746      0.1827      0.3768
    13(H )      0.0316      0.1169      0.0743      3.6940      0.2707      0.3176
    14(H )      0.0838      0.1359      0.1098      1.6223      0.6164      0.1942
    15(N )      0.0894      0.0401      0.0647      0.4479      2.2325     -0.1839
    16(H )      0.0425      0.2585      0.1505      6.0797      0.1645      0.8048
    17(H )      0.0693      0.1627      0.1160      2.3479      0.4259      0.3480
    18(N )      0.0388      0.0380      0.0384      0.9779      1.0226     -0.0032
    19(Pt)      0.7331      0.5145      0.6238      0.7017      1.4250     -0.8146
    20(H )      0.0553      0.3539      0.2046      6.4036      0.1562      1.1127
    21(H )      0.0639      0.1787      0.1213      2.7982      0.3574      0.4279
    22(H )      0.0943      0.3941      0.2442      4.1804      0.2392      1.1170
    23(H )      0.0443      0.2215      0.1329      4.9976      0.2001      0.6602
    24(O )      0.1358      0.0184      0.0771      0.1359      7.3609     -0.4372
    25(O )      0.7322      0.0263      0.3793      0.0360     27.8073     -2.6299
    26(C )      0.1217      0.0174      0.0695      0.1427      7.0063     -0.3888
    27(C )      0.0961      0.0358      0.0659      0.3724      2.6851     -0.2247
    28(H )      0.2246      0.0643      0.1445      0.2862      3.4940     -0.5974
    29(C )      0.0867      0.0291      0.0579      0.3358      2.9775     -0.2145
    30(H )      0.1163      0.0483      0.0823      0.4149      2.4104     -0.2536
    31(H )      0.0985      0.0575      0.0780      0.5835      1.7139     -0.1529
    32(H )      0.0861      0.0542      0.0701      0.6296      1.5882     -0.1188
    33(O )      0.3651      0.1013      0.2332      0.2775      3.6033     -0.9829
 
 E(N):     -808.476947 Hartree
 E(N+1):     -808.468493 Hartree
 E(N-1):     -808.216996 Hartree
 E_HOMO(N):     -0.190662 Hartree,   -5.1882 eV
 E_HOMO(N+1):    0.044413 Hartree,    1.2085 eV
 E_HOMO(N-1):   -0.385399 Hartree,  -10.4872 eV
 First vertical IP:     0.259951 Hartree,    7.0736 eV
 First vertical EA:    -0.008454 Hartree,   -0.2300 eV
 Mulliken electronegativity:     0.125749 Hartree,    3.4218 eV
 Chemical potential:            -0.125749 Hartree,   -3.4218 eV
 Hardness (=fundamental gap):    0.268405 Hartree,    7.3037 eV
 Softness:      3.725716 Hartree^-1,    0.1369 eV^-1
 Softness^2:   13.880959 Hartree^-2,    0.0187 eV^-2
 Electrophilicity index:    0.029457 Hartree,    0.8016 eV
 Nucleophilicity index:     0.144536 Hartree,    3.9330 eV
