 Note: the E(HOMO) of TCE used for evaluating nucleophilicity index is the value evaluated at B3LYP/6-31G* level
 
 Hirshfeld charges, condensed Fukui functions and condensed dual descriptors
 Units used below are "e" (elementary charge)
     Atom     q(N)    q(N+1)   q(N-1)     f-       f+       f0      CDD
     1(C )   0.1547   0.1454   0.2269   0.0722   0.0093   0.0408  -0.0629
     2(C )   0.1546   0.1454   0.2269   0.0723   0.0092   0.0408  -0.0632
     3(C )   0.0342   0.0142   0.0391   0.0049   0.0201   0.0125   0.0152
     4(H )   0.0411  -0.0453   0.0513   0.0102   0.0864   0.0483   0.0762
     5(C )   0.0343   0.0177   0.0396   0.0053   0.0166   0.0110   0.0113
     6(H )   0.0370  -0.0181   0.0546   0.0176   0.0551   0.0364   0.0375
     7(C )  -0.0455  -0.0591  -0.0431   0.0025   0.0136   0.0080   0.0111
     8(H )   0.0350   0.0096   0.0496   0.0146   0.0254   0.0200   0.0108
     9(H )   0.0417   0.0091   0.0442   0.0025   0.0327   0.0176   0.0302
    10(C )  -0.0470  -0.0579  -0.0443   0.0027   0.0109   0.0068   0.0082
    11(H )   0.0239   0.0118   0.0177  -0.0062   0.0121   0.0029   0.0183
    12(H )   0.0417   0.0133   0.0536   0.0120   0.0284   0.0202   0.0165
    13(C )  -0.0442  -0.0555  -0.0403   0.0039   0.0112   0.0076   0.0073
    14(H )   0.0336   0.0047   0.0392   0.0056   0.0288   0.0172   0.0232
    15(H )   0.0365   0.0160   0.0501   0.0136   0.0205   0.0171   0.0069
    16(C )  -0.0464  -0.0590  -0.0403   0.0061   0.0126   0.0094   0.0065
    17(H )   0.0373   0.0061   0.0479   0.0106   0.0312   0.0209   0.0206
    18(H )   0.0384   0.0170   0.0515   0.0131   0.0214   0.0173   0.0083
    19(O )  -0.2860  -0.2925  -0.2007   0.0854   0.0065   0.0459  -0.0789
    20(O )  -0.2877  -0.2946  -0.2019   0.0858   0.0069   0.0463  -0.0790
    21(O )  -0.2742  -0.3042  -0.1010   0.1733   0.0300   0.1016  -0.1433
    22(O )  -0.2746  -0.3045  -0.1009   0.1737   0.0299   0.1018  -0.1438
    23(N )  -0.0853  -0.0964  -0.0690   0.0163   0.0111   0.0137  -0.0051
    24(H )   0.1356   0.0375   0.1516   0.0159   0.0981   0.0570   0.0822
    25(H )   0.1271   0.0925   0.1394   0.0123   0.0346   0.0234   0.0223
    26(N )  -0.0837  -0.0970  -0.0666   0.0171   0.0134   0.0152  -0.0037
    27(H )   0.1365   0.0727   0.1509   0.0144   0.0638   0.0391   0.0494
    28(H )   0.1302   0.0116   0.1477   0.0175   0.1186   0.0681   0.1011
    29(Pt)   0.2011   0.0933   0.3258   0.1247   0.1078   0.1163  -0.0168
 
 Condensed local electrophilicity/nucleophilicity index (e*eV)
     Atom              Electrophilicity          Nucleophilicity
     1(C )                  0.00987                  0.25837
     2(C )                  0.00974                  0.25883
     3(C )                  0.02129                  0.01741
     4(H )                  0.09162                  0.03633
     5(C )                  0.01763                  0.01907
     6(H )                  0.05845                  0.06303
     7(C )                  0.01443                  0.00886
     8(H )                  0.02695                  0.05219
     9(H )                  0.03464                  0.00888
    10(C )                  0.01158                  0.00968
    11(H )                  0.01284                 -0.02222
    12(H )                  0.03015                  0.04276
    13(C )                  0.01191                  0.01399
    14(H )                  0.03059                  0.02014
    15(H )                  0.02179                  0.04877
    16(C )                  0.01335                  0.02190
    17(H )                  0.03311                  0.03790
    18(H )                  0.02274                  0.04689
    19(O )                  0.00685                  0.30537
    20(O )                  0.00727                  0.30709
    21(O )                  0.03182                  0.61992
    22(O )                  0.03173                  0.62149
    23(N )                  0.01181                  0.05824
    24(H )                  0.10409                  0.05696
    25(H )                  0.03668                  0.04392
    26(N )                  0.01418                  0.06117
    27(H )                  0.06766                  0.05157
    28(H )                  0.12579                  0.06265
    29(Pt)                  0.11437                  0.44608
 
 Condensed local softness (e/Hartree), relative electrophilicity/nucleophilicity (dimensionless) and condensed local hyper-softness (e/Hartree^2)
     Atom         s-          s+          s0        s+/s-       s-/s+       s(2)
     1(C )      0.2674      0.0344      0.1509      0.1288      7.7615     -0.8624
     2(C )      0.2678      0.0340      0.1509      0.1269      7.8819     -0.8658
     3(C )      0.0180      0.0743      0.0462      4.1243      0.2425      0.2084
     4(H )      0.0376      0.3198      0.1787      8.5057      0.1176      1.0449
     5(C )      0.0197      0.0615      0.0406      3.1192      0.3206      0.1548
     6(H )      0.0652      0.2040      0.1346      3.1278      0.3197      0.5139
     7(C )      0.0092      0.0504      0.0298      5.4909      0.1821      0.1525
     8(H )      0.0540      0.0941      0.0741      1.7420      0.5741      0.1484
     9(H )      0.0092      0.1209      0.0651     13.1656      0.0760      0.4137
    10(C )      0.0100      0.0404      0.0252      4.0370      0.2477      0.1126
    11(H )     -0.0230      0.0448      0.0109     -1.9494     -0.5130      0.2511
    12(H )      0.0442      0.1052      0.0747      2.3785      0.4204      0.2258
    13(C )      0.0145      0.0416      0.0280      2.8701      0.3484      0.1003
    14(H )      0.0208      0.1068      0.0638      5.1239      0.1952      0.3182
    15(H )      0.0505      0.0761      0.0633      1.5073      0.6634      0.0948
    16(C )      0.0227      0.0466      0.0346      2.0562      0.4863      0.0886
    17(H )      0.0392      0.1156      0.0774      2.9469      0.3393      0.2827
    18(H )      0.0485      0.0794      0.0639      1.6355      0.6115      0.1142
    19(O )      0.3160      0.0239      0.1700      0.0757     13.2080     -1.0814
    20(O )      0.3178      0.0254      0.1716      0.0798     12.5249     -1.0826
    21(O )      0.6415      0.1111      0.3763      0.1731      5.7755     -1.9639
    22(O )      0.6431      0.1108      0.3770      0.1722      5.8059     -1.9710
    23(N )      0.0603      0.0412      0.0507      0.6841      1.4617     -0.0705
    24(H )      0.0589      0.3633      0.2111      6.1645      0.1622      1.1270
    25(H )      0.0455      0.1280      0.0867      2.8169      0.3550      0.3058
    26(N )      0.0633      0.0495      0.0564      0.7818      1.2791     -0.0511
    27(H )      0.0534      0.2362      0.1448      4.4263      0.2259      0.6769
    28(H )      0.0648      0.4391      0.2520      6.7731      0.1476      1.3857
    29(Pt)      0.4616      0.3992      0.4304      0.8649      1.1563     -0.2310
 
 E(N):     -843.223066 Hartree
 E(N+1):     -843.233125 Hartree
 E(N-1):     -842.942913 Hartree
 E_HOMO(N):     -0.203717 Hartree,   -5.5434 eV
 E_HOMO(N+1):    0.029322 Hartree,    0.7979 eV
 E_HOMO(N-1):   -0.413820 Hartree,  -11.2606 eV
 First vertical IP:     0.280153 Hartree,    7.6233 eV
 First vertical EA:     0.010059 Hartree,    0.2737 eV
 Mulliken electronegativity:     0.145106 Hartree,    3.9485 eV
 Chemical potential:            -0.145106 Hartree,   -3.9485 eV
 Hardness (=fundamental gap):    0.270094 Hartree,    7.3496 eV
 Softness:      3.702417 Hartree^-1,    0.1361 eV^-1
 Softness^2:   13.707891 Hartree^-2,    0.0185 eV^-2
 Electrophilicity index:    0.038979 Hartree,    1.0607 eV
 Nucleophilicity index:     0.131481 Hartree,    3.5778 eV
