 Note: the E(HOMO) of TCE used for evaluating nucleophilicity index is the value evaluated at B3LYP/6-31G* level
 
 Hirshfeld charges, condensed Fukui functions and condensed dual descriptors
 Units used below are "e" (elementary charge)
     Atom     q(N)    q(N+1)   q(N-1)     f-       f+       f0      CDD
     1(C )   0.1549   0.1456   0.2270   0.0721   0.0093   0.0407  -0.0628
     2(C )   0.1549   0.1456   0.2271   0.0723   0.0093   0.0408  -0.0630
     3(C )   0.0315   0.0160   0.0364   0.0049   0.0155   0.0102   0.0106
     4(H )   0.0388  -0.0133   0.0560   0.0172   0.0520   0.0346   0.0348
     5(C )   0.0327   0.0144   0.0374   0.0047   0.0183   0.0115   0.0136
     6(H )   0.0408  -0.0456   0.0482   0.0074   0.0864   0.0469   0.0790
     7(C )  -0.0453  -0.0591  -0.0389   0.0064   0.0138   0.0101   0.0073
     8(H )   0.0400   0.0087   0.0530   0.0130   0.0313   0.0221   0.0183
     9(H )   0.0348   0.0059   0.0421   0.0074   0.0288   0.0181   0.0215
    10(C )  -0.0437  -0.0519  -0.0382   0.0055   0.0082   0.0068   0.0026
    11(H )   0.0394   0.0207   0.0523   0.0128   0.0188   0.0158   0.0059
    12(H )   0.0307   0.0180   0.0391   0.0084   0.0127   0.0105   0.0043
    13(C )  -0.0407  -0.0531  -0.0368   0.0039   0.0124   0.0082   0.0085
    14(H )   0.0293   0.0029   0.0300   0.0007   0.0264   0.0135   0.0258
    15(H )   0.0416   0.0171   0.0539   0.0123   0.0245   0.0184   0.0122
    16(C )  -0.0501  -0.0654  -0.0476   0.0025   0.0153   0.0089   0.0129
    17(H )   0.0323   0.0057   0.0308  -0.0016   0.0266   0.0125   0.0282
    18(H )   0.0363  -0.0035   0.0480   0.0117   0.0399   0.0258   0.0281
    19(O )  -0.2855  -0.2929  -0.2000   0.0856   0.0073   0.0464  -0.0783
    20(O )  -0.2859  -0.2913  -0.2004   0.0855   0.0054   0.0455  -0.0802
    21(O )  -0.2741  -0.3038  -0.1011   0.1730   0.0297   0.1013  -0.1433
    22(O )  -0.2743  -0.3036  -0.1006   0.1737   0.0293   0.1015  -0.1444
    23(N )  -0.0814  -0.0944  -0.0648   0.0166   0.0130   0.0148  -0.0036
    24(H )   0.1326   0.0170   0.1488   0.0162   0.1156   0.0659   0.0994
    25(H )   0.1380   0.0675   0.1526   0.0146   0.0705   0.0425   0.0559
    26(N )  -0.0850  -0.0946  -0.0685   0.0164   0.0096   0.0130  -0.0068
    27(H )   0.1232   0.0882   0.1370   0.0137   0.0351   0.0244   0.0214
    28(H )   0.1380   0.0564   0.1531   0.0151   0.0816   0.0483   0.0666
    29(Pt)   0.1962   0.0797   0.3238   0.1276   0.1164   0.1220  -0.0112
 
 Condensed local electrophilicity/nucleophilicity index (e*eV)
     Atom              Electrophilicity          Nucleophilicity
     1(C )                  0.00951                  0.25871
     2(C )                  0.00949                  0.25911
     3(C )                  0.01584                  0.01746
     4(H )                  0.05310                  0.06182
     5(C )                  0.01869                  0.01697
     6(H )                  0.08822                  0.02664
     7(C )                  0.01406                  0.02305
     8(H )                  0.03193                  0.04663
     9(H )                  0.02945                  0.02640
    10(C )                  0.00834                  0.01983
    11(H )                  0.01916                  0.04604
    12(H )                  0.01298                  0.03001
    13(C )                  0.01267                  0.01416
    14(H )                  0.02697                  0.00238
    15(H )                  0.02499                  0.04421
    16(C )                  0.01564                  0.00881
    17(H )                  0.02717                 -0.00560
    18(H )                  0.04069                  0.04209
    19(O )                  0.00746                  0.30681
    20(O )                  0.00549                  0.30669
    21(O )                  0.03033                  0.62033
    22(O )                  0.02993                  0.62296
    23(N )                  0.01328                  0.05961
    24(H )                  0.11802                  0.05815
    25(H )                  0.07200                  0.05226
    26(N )                  0.00980                  0.05898
    27(H )                  0.03582                  0.04923
    28(H )                  0.08333                  0.05404
    29(Pt)                  0.11888                  0.45757
 
 Condensed local softness (e/Hartree), relative electrophilicity/nucleophilicity (dimensionless) and condensed local hyper-softness (e/Hartree^2)
     Atom         s-          s+          s0        s+/s-       s-/s+       s(2)
     1(C )      0.2639      0.0341      0.1490      0.1291      7.7485     -0.8409
     2(C )      0.2643      0.0340      0.1492      0.1286      7.7777     -0.8427
     3(C )      0.0178      0.0567      0.0373      3.1850      0.3140      0.1424
     4(H )      0.0631      0.1903      0.1267      3.0173      0.3314      0.4654
     5(C )      0.0173      0.0670      0.0421      3.8688      0.2585      0.1817
     6(H )      0.0272      0.3161      0.1716     11.6306      0.0860      1.0570
     7(C )      0.0235      0.0504      0.0369      2.1428      0.4667      0.0983
     8(H )      0.0476      0.1144      0.0810      2.4054      0.4157      0.2446
     9(H )      0.0269      0.1055      0.0662      3.9188      0.2552      0.2875
    10(C )      0.0202      0.0299      0.0251      1.4774      0.6769      0.0353
    11(H )      0.0470      0.0686      0.0578      1.4612      0.6843      0.0793
    12(H )      0.0306      0.0465      0.0386      1.5195      0.6581      0.0582
    13(C )      0.0144      0.0454      0.0299      3.1425      0.3182      0.1133
    14(H )      0.0024      0.0966      0.0495     39.8111      0.0251      0.3447
    15(H )      0.0451      0.0896      0.0673      1.9857      0.5036      0.1626
    16(C )      0.0090      0.0560      0.0325      6.2363      0.1604      0.1721
    17(H )     -0.0057      0.0973      0.0458    -17.0509     -0.0586      0.3770
    18(H )      0.0429      0.1458      0.0944      3.3956      0.2945      0.3763
    19(O )      0.3130      0.0267      0.1699      0.0853     11.7165     -1.0474
    20(O )      0.3129      0.0197      0.1663      0.0628     15.9145     -1.0727
    21(O )      0.6329      0.1087      0.3708      0.1717      5.8226     -1.9176
    22(O )      0.6355      0.1072      0.3714      0.1687      5.9262     -1.9327
    23(N )      0.0608      0.0476      0.0542      0.7824      1.2781     -0.0484
    24(H )      0.0593      0.4229      0.2411      7.1287      0.1403      1.3301
    25(H )      0.0533      0.2580      0.1557      4.8386      0.2067      0.7487
    26(N )      0.0602      0.0351      0.0477      0.5839      1.7128     -0.0916
    27(H )      0.0502      0.1284      0.0893      2.5560      0.3912      0.2859
    28(H )      0.0551      0.2986      0.1769      5.4161      0.1846      0.8907
    29(Pt)      0.4668      0.4260      0.4464      0.9125      1.0959     -0.1494
 
 E(N):     -843.224634 Hartree
 E(N+1):     -843.231180 Hartree
 E(N-1):     -842.944743 Hartree
 E_HOMO(N):     -0.203417 Hartree,   -5.5352 eV
 E_HOMO(N+1):    0.031497 Hartree,    0.8571 eV
 E_HOMO(N-1):   -0.413585 Hartree,  -11.2542 eV
 First vertical IP:     0.279891 Hartree,    7.6162 eV
 First vertical EA:     0.006546 Hartree,    0.1781 eV
 Mulliken electronegativity:     0.143218 Hartree,    3.8972 eV
 Chemical potential:            -0.143218 Hartree,   -3.8972 eV
 Hardness (=fundamental gap):    0.273346 Hartree,    7.4381 eV
 Softness:      3.658372 Hartree^-1,    0.1344 eV^-1
 Softness^2:   13.383684 Hartree^-2,    0.0181 eV^-2
 Electrophilicity index:    0.037519 Hartree,    1.0210 eV
 Nucleophilicity index:     0.131781 Hartree,    3.5860 eV
