 Note: the E(HOMO) of TCE used for evaluating nucleophilicity index is the value evaluated at B3LYP/6-31G* level
 
 Hirshfeld charges, condensed Fukui functions and condensed dual descriptors
 Units used below are "e" (elementary charge)
     Atom     q(N)    q(N+1)   q(N-1)     f-       f+       f0      CDD
     1(C )   0.1548   0.1455   0.2270   0.0722   0.0093   0.0408  -0.0630
     2(C )   0.1549   0.1455   0.2271   0.0722   0.0094   0.0408  -0.0628
     3(C )   0.0316   0.0170   0.0363   0.0047   0.0145   0.0096   0.0098
     4(H )   0.0383  -0.0115   0.0554   0.0171   0.0498   0.0335   0.0327
     5(C )   0.0326   0.0145   0.0372   0.0045   0.0181   0.0113   0.0136
     6(H )   0.0418  -0.0448   0.0496   0.0079   0.0866   0.0472   0.0787
     7(C )  -0.0466  -0.0593  -0.0405   0.0061   0.0128   0.0094   0.0067
     8(H )   0.0388   0.0166   0.0517   0.0129   0.0222   0.0176   0.0093
     9(H )   0.0377   0.0031   0.0467   0.0091   0.0346   0.0218   0.0256
    10(C )  -0.0433  -0.0549  -0.0393   0.0040   0.0116   0.0078   0.0076
    11(H )   0.0296   0.0022   0.0302   0.0007   0.0273   0.0140   0.0267
    12(H )   0.0411   0.0189   0.0548   0.0137   0.0222   0.0180   0.0085
    13(C )  -0.0409  -0.0504  -0.0353   0.0056   0.0096   0.0076   0.0040
    14(H )   0.0411   0.0185   0.0521   0.0110   0.0227   0.0168   0.0116
    15(H )   0.0306   0.0165   0.0408   0.0102   0.0142   0.0122   0.0040
    16(C )  -0.0497  -0.0645  -0.0475   0.0022   0.0147   0.0085   0.0126
    17(H )   0.0302   0.0055   0.0283  -0.0019   0.0246   0.0114   0.0265
    18(H )   0.0394  -0.0051   0.0479   0.0085   0.0444   0.0265   0.0359
    19(O )  -0.2861  -0.2927  -0.2005   0.0857   0.0065   0.0461  -0.0792
    20(O )  -0.2858  -0.2920  -0.2003   0.0855   0.0062   0.0459  -0.0794
    21(O )  -0.2744  -0.3040  -0.1010   0.1734   0.0296   0.1015  -0.1438
    22(O )  -0.2743  -0.3040  -0.1007   0.1736   0.0297   0.1016  -0.1439
    23(N )  -0.0823  -0.0947  -0.0656   0.0167   0.0124   0.0146  -0.0044
    24(H )   0.1326   0.0225   0.1489   0.0163   0.1101   0.0632   0.0938
    25(H )   0.1371   0.0719   0.1516   0.0145   0.0652   0.0398   0.0507
    26(N )  -0.0848  -0.0952  -0.0685   0.0163   0.0105   0.0134  -0.0058
    27(H )   0.1239   0.0857   0.1374   0.0135   0.0383   0.0259   0.0248
    28(H )   0.1384   0.0510   0.1535   0.0151   0.0874   0.0513   0.0723
    29(Pt)   0.1937   0.0744   0.3222   0.1285   0.1194   0.1239  -0.0091
 
 Condensed local electrophilicity/nucleophilicity index (e*eV)
     Atom              Electrophilicity          Nucleophilicity
     1(C )                  0.00951                  0.25953
     2(C )                  0.00965                  0.25953
     3(C )                  0.01488                  0.01692
     4(H )                  0.05102                  0.06141
     5(C )                  0.01854                  0.01631
     6(H )                  0.08863                  0.02824
     7(C )                  0.01308                  0.02180
     8(H )                  0.02273                  0.04652
     9(H )                  0.03544                  0.03253
    10(C )                  0.01185                  0.01444
    11(H )                  0.02800                  0.00240
    12(H )                  0.02275                  0.04923
    13(C )                  0.00979                  0.02008
    14(H )                  0.02321                  0.03959
    15(H )                  0.01449                  0.03656
    16(C )                  0.01510                  0.00782
    17(H )                  0.02520                 -0.00676
    18(H )                  0.04551                  0.03055
    19(O )                  0.00666                  0.30787
    20(O )                  0.00633                  0.30728
    21(O )                  0.03028                  0.62285
    22(O )                  0.03037                  0.62368
    23(N )                  0.01266                  0.06015
    24(H )                  0.11275                  0.05865
    25(H )                  0.06674                  0.05205
    26(N )                  0.01071                  0.05844
    27(H )                  0.03920                  0.04838
    28(H )                  0.08949                  0.05439
    29(Pt)                  0.12221                  0.46164
 
 Condensed local softness (e/Hartree), relative electrophilicity/nucleophilicity (dimensionless) and condensed local hyper-softness (e/Hartree^2)
     Atom         s-          s+          s0        s+/s-       s-/s+       s(2)
     1(C )      0.2648      0.0340      0.1494      0.1285      7.7812     -0.8458
     2(C )      0.2648      0.0345      0.1497      0.1305      7.6652     -0.8439
     3(C )      0.0173      0.0533      0.0353      3.0855      0.3241      0.1320
     4(H )      0.0627      0.1827      0.1227      2.9152      0.3430      0.4399
     5(C )      0.0166      0.0664      0.0415      3.9905      0.2506      0.1824
     6(H )      0.0288      0.3173      0.1731     11.0135      0.0908      1.0574
     7(C )      0.0222      0.0468      0.0345      2.1051      0.4750      0.0901
     8(H )      0.0475      0.0814      0.0644      1.7146      0.5832      0.1243
     9(H )      0.0332      0.1269      0.0800      3.8221      0.2616      0.3433
    10(C )      0.0147      0.0424      0.0286      2.8794      0.3473      0.1015
    11(H )      0.0025      0.1002      0.0513     40.8860      0.0245      0.3584
    12(H )      0.0502      0.0815      0.0658      1.6216      0.6167      0.1145
    13(C )      0.0205      0.0350      0.0278      1.7096      0.5849      0.0533
    14(H )      0.0404      0.0831      0.0617      2.0567      0.4862      0.1565
    15(H )      0.0373      0.0519      0.0446      1.3906      0.7191      0.0534
    16(C )      0.0080      0.0541      0.0310      6.7721      0.1477      0.1689
    17(H )     -0.0069      0.0902      0.0417    -13.0821     -0.0764      0.3559
    18(H )      0.0312      0.1629      0.0970      5.2274      0.1913      0.4829
    19(O )      0.3141      0.0238      0.1690      0.0759     13.1722     -1.0640
    20(O )      0.3135      0.0226      0.1681      0.0722     13.8434     -1.0662
    21(O )      0.6355      0.1084      0.3719      0.1706      5.8633     -1.9320
    22(O )      0.6363      0.1087      0.3725      0.1708      5.8532     -1.9339
    23(N )      0.0614      0.0453      0.0534      0.7387      1.3537     -0.0588
    24(H )      0.0598      0.4036      0.2317      6.7459      0.1482      1.2602
    25(H )      0.0531      0.2389      0.1460      4.4988      0.2223      0.6811
    26(N )      0.0596      0.0383      0.0490      0.6430      1.5553     -0.0780
    27(H )      0.0494      0.1403      0.0948      2.8430      0.3517      0.3334
    28(H )      0.0555      0.3204      0.1879      5.7730      0.1732      0.9709
    29(Pt)      0.4710      0.4375      0.4542      0.9289      1.0766     -0.1228
 
 E(N):     -843.235043 Hartree
 E(N+1):     -843.241923 Hartree
 E(N-1):     -842.955348 Hartree
 E_HOMO(N):     -0.203170 Hartree,   -5.5285 eV
 E_HOMO(N+1):    0.031099 Hartree,    0.8462 eV
 E_HOMO(N-1):   -0.413737 Hartree,  -11.2583 eV
 First vertical IP:     0.279695 Hartree,    7.6109 eV
 First vertical EA:     0.006879 Hartree,    0.1872 eV
 Mulliken electronegativity:     0.143287 Hartree,    3.8990 eV
 Chemical potential:            -0.143287 Hartree,   -3.8990 eV
 Hardness (=fundamental gap):    0.272816 Hartree,    7.4237 eV
 Softness:      3.665478 Hartree^-1,    0.1347 eV^-1
 Softness^2:   13.435731 Hartree^-2,    0.0181 eV^-2
 Electrophilicity index:    0.037628 Hartree,    1.0239 eV
 Nucleophilicity index:     0.132028 Hartree,    3.5927 eV
