 Note: the E(HOMO) of TCE used for evaluating nucleophilicity index is the value evaluated at B3LYP/6-31G* level
 
 Hirshfeld charges, condensed Fukui functions and condensed dual descriptors
 Units used below are "e" (elementary charge)
     Atom     q(N)    q(N+1)   q(N-1)     f-       f+       f0      CDD
     1(Cl)  -0.2713  -0.4933  -0.0876   0.1837   0.2220   0.2028   0.0383
     2(Pt)   0.5659   0.4488   0.5952   0.0292   0.1171   0.0732   0.0879
     3(Cl)  -0.2923  -0.4059  -0.1371   0.1552   0.1136   0.1344  -0.0416
     4(N )  -0.0668  -0.1133  -0.0553   0.0115   0.0465   0.0290   0.0350
     5(H )   0.1204   0.0945   0.1319   0.0115   0.0259   0.0187   0.0144
     6(H )   0.1233   0.1002   0.1313   0.0080   0.0230   0.0155   0.0150
     7(N )  -0.1202  -0.1441  -0.1012   0.0189   0.0240   0.0215   0.0050
     8(H )   0.1110   0.0931   0.1254   0.0144   0.0178   0.0161   0.0034
     9(H )   0.1259   0.1035   0.1419   0.0160   0.0224   0.0192   0.0063
    10(H )   0.0972   0.0834   0.1096   0.0124   0.0138   0.0131   0.0013
    11(O )  -0.2345  -0.2572  -0.2106   0.0239   0.0227   0.0233  -0.0012
    12(O )  -0.2969  -0.3210  -0.2112   0.0857   0.0241   0.0549  -0.0616
    13(C )   0.1925   0.1769   0.2184   0.0258   0.0157   0.0207  -0.0101
    14(C )  -0.0832  -0.0982  -0.0610   0.0222   0.0150   0.0186  -0.0073
    15(H )   0.0510   0.0375   0.0696   0.0186   0.0136   0.0161  -0.0051
    16(H )   0.0483   0.0349   0.0676   0.0193   0.0134   0.0163  -0.0059
    17(H )   0.0419   0.0213   0.0620   0.0201   0.0205   0.0203   0.0004
    18(O )  -0.2362  -0.2591  -0.2101   0.0261   0.0229   0.0245  -0.0033
    19(O )  -0.2691  -0.2967  -0.1706   0.0986   0.0276   0.0631  -0.0710
    20(C )   0.2032   0.1873   0.2304   0.0273   0.0159   0.0216  -0.0114
    21(C )  -0.0818  -0.0969  -0.0568   0.0250   0.0151   0.0201  -0.0099
    22(H )   0.0427   0.0220   0.0640   0.0212   0.0208   0.0210  -0.0005
    23(H )   0.0446   0.0311   0.0668   0.0223   0.0134   0.0178  -0.0088
    24(H )   0.0547   0.0417   0.0741   0.0195   0.0130   0.0162  -0.0065
    25(C )   0.0321   0.0258   0.0335   0.0014   0.0063   0.0039   0.0049
    26(C )  -0.0559  -0.0555  -0.0557   0.0002  -0.0004  -0.0001  -0.0006
    27(C )  -0.0418  -0.0469  -0.0381   0.0037   0.0051   0.0044   0.0014
    28(C )  -0.0456  -0.0510  -0.0401   0.0054   0.0055   0.0055   0.0000
    29(C )  -0.0411  -0.0498  -0.0349   0.0062   0.0087   0.0074   0.0025
    30(C )  -0.0471  -0.0549  -0.0421   0.0051   0.0078   0.0064   0.0027
    31(H )   0.0307   0.0245   0.0313   0.0006   0.0062   0.0034   0.0055
    32(H )   0.0219   0.0254   0.0152  -0.0067  -0.0035  -0.0051   0.0032
    33(H )   0.0277   0.0217   0.0329   0.0052   0.0060   0.0056   0.0008
    34(H )   0.0355   0.0240   0.0439   0.0085   0.0115   0.0100   0.0030
    35(H )   0.0279   0.0224   0.0317   0.0039   0.0054   0.0046   0.0016
    36(H )   0.0327   0.0183   0.0456   0.0128   0.0144   0.0136   0.0016
    37(H )   0.0266   0.0194   0.0333   0.0066   0.0072   0.0069   0.0005
    38(H )   0.0344   0.0184   0.0478   0.0134   0.0160   0.0147   0.0026
    39(H )   0.0309   0.0238   0.0355   0.0046   0.0070   0.0058   0.0024
    40(H )   0.0338   0.0263   0.0384   0.0046   0.0075   0.0061   0.0029
    41(H )   0.0275   0.0180   0.0351   0.0077   0.0095   0.0086   0.0018
 
 Condensed local electrophilicity/nucleophilicity index (e*eV)
     Atom              Electrophilicity          Nucleophilicity
     1(Cl)                  0.37679                  0.34683
     2(Pt)                  0.19878                  0.05518
     3(Cl)                  0.19278                  0.29305
     4(N )                  0.07895                  0.02177
     5(H )                  0.04404                  0.02172
     6(H )                  0.03912                  0.01512
     7(N )                  0.04070                  0.03574
     8(H )                  0.03024                  0.02728
     9(H )                  0.03798                  0.03026
    10(H )                  0.02335                  0.02347
    11(O )                  0.03853                  0.04514
    12(O )                  0.04086                  0.16185
    13(C )                  0.02660                  0.04873
    14(C )                  0.02541                  0.04198
    15(H )                  0.02300                  0.03515
    16(H )                  0.02273                  0.03645
    17(H )                  0.03484                  0.03795
    18(O )                  0.03881                  0.04932
    19(O )                  0.04683                  0.18616
    20(C )                  0.02698                  0.05149
    21(C )                  0.02568                  0.04725
    22(H )                  0.03523                  0.04012
    23(H )                  0.02280                  0.04203
    24(H )                  0.02204                  0.03673
    25(C )                  0.01075                  0.00269
    26(C )                 -0.00068                  0.00046
    27(C )                  0.00867                  0.00702
    28(C )                  0.00928                  0.01028
    29(C )                  0.01476                  0.01169
    30(C )                  0.01322                  0.00957
    31(H )                  0.01045                  0.00118
    32(H )                 -0.00595                 -0.01266
    33(H )                  0.01017                  0.00984
    34(H )                  0.01951                  0.01600
    35(H )                  0.00921                  0.00727
    36(H )                  0.02447                  0.02425
    37(H )                  0.01221                  0.01254
    38(H )                  0.02724                  0.02531
    39(H )                  0.01192                  0.00869
    40(H )                  0.01275                  0.00868
    41(H )                  0.01609                  0.01453
 
 Condensed local softness (e/Hartree), relative electrophilicity/nucleophilicity (dimensionless) and condensed local hyper-softness (e/Hartree^2)
     Atom         s-          s+          s0        s+/s-       s-/s+       s(2)
     1(Cl)      0.6555      0.7921      0.7238      1.2085      0.8275      0.4877
     2(Pt)      0.1043      0.4179      0.2611      4.0076      0.2495      1.1192
     3(Cl)      0.5538      0.4053      0.4795      0.7318      1.3665     -0.5300
     4(N )      0.0411      0.1660      0.1036      4.0341      0.2479      0.4455
     5(H )      0.0410      0.0926      0.0668      2.2557      0.4433      0.1839
     6(H )      0.0286      0.0822      0.0554      2.8785      0.3474      0.1915
     7(N )      0.0675      0.0856      0.0765      1.2666      0.7895      0.0643
     8(H )      0.0516      0.0636      0.0576      1.2328      0.8112      0.0428
     9(H )      0.0572      0.0798      0.0685      1.3961      0.7163      0.0808
    10(H )      0.0444      0.0491      0.0467      1.1068      0.9035      0.0169
    11(O )      0.0853      0.0810      0.0832      0.9495      1.0532     -0.0154
    12(O )      0.3059      0.0859      0.1959      0.2808      3.5610     -0.7850
    13(C )      0.0921      0.0559      0.0740      0.6073      1.6467     -0.1291
    14(C )      0.0793      0.0534      0.0664      0.6734      1.4850     -0.0925
    15(H )      0.0664      0.0484      0.0574      0.7280      1.3736     -0.0645
    16(H )      0.0689      0.0478      0.0583      0.6939      1.4412     -0.0753
    17(H )      0.0717      0.0732      0.0725      1.0212      0.9792      0.0054
    18(O )      0.0932      0.0816      0.0874      0.8754      1.1424     -0.0415
    19(O )      0.3518      0.0985      0.2251      0.2798      3.5735     -0.9041
    20(C )      0.0973      0.0567      0.0770      0.5829      1.7155     -0.1448
    21(C )      0.0893      0.0540      0.0716      0.6045      1.6543     -0.1260
    22(H )      0.0758      0.0741      0.0749      0.9769      1.0236     -0.0062
    23(H )      0.0794      0.0479      0.0637      0.6036      1.6568     -0.1124
    24(H )      0.0694      0.0463      0.0579      0.6675      1.4982     -0.0824
    25(C )      0.0051      0.0226      0.0138      4.4526      0.2246      0.0625
    26(C )      0.0009     -0.0014     -0.0003     -1.6398     -0.6098     -0.0083
    27(C )      0.0133      0.0182      0.0157      1.3746      0.7275      0.0177
    28(C )      0.0194      0.0195      0.0195      1.0043      0.9957      0.0003
    29(C )      0.0221      0.0310      0.0266      1.4042      0.7122      0.0319
    30(C )      0.0181      0.0278      0.0229      1.5360      0.6510      0.0346
    31(H )      0.0022      0.0220      0.0121      9.8648      0.1014      0.0704
    32(H )     -0.0239     -0.0125     -0.0182      0.5230      1.9121      0.0407
    33(H )      0.0186      0.0214      0.0200      1.1491      0.8703      0.0099
    34(H )      0.0302      0.0410      0.0356      1.3561      0.7374      0.0384
    35(H )      0.0137      0.0194      0.0166      1.4097      0.7094      0.0201
    36(H )      0.0458      0.0514      0.0486      1.1224      0.8910      0.0200
    37(H )      0.0237      0.0257      0.0247      1.0827      0.9236      0.0070
    38(H )      0.0478      0.0573      0.0525      1.1972      0.8353      0.0337
    39(H )      0.0164      0.0251      0.0207      1.5272      0.6548      0.0309
    40(H )      0.0164      0.0268      0.0216      1.6344      0.6119      0.0371
    41(H )      0.0275      0.0338      0.0306      1.2318      0.8118      0.0227
 
 E(N):    -1844.813116 Hartree
 E(N+1):    -1844.859986 Hartree
 E(N-1):    -1844.486027 Hartree
 E_HOMO(N):     -0.265803 Hartree,   -7.2329 eV
 E_HOMO(N+1):    0.013145 Hartree,    0.3577 eV
 E_HOMO(N-1):   -0.411031 Hartree,  -11.1847 eV
 First vertical IP:     0.327089 Hartree,    8.9006 eV
 First vertical EA:     0.046870 Hartree,    1.2754 eV
 Mulliken electronegativity:     0.186980 Hartree,    5.0880 eV
 Chemical potential:            -0.186980 Hartree,   -5.0880 eV
 Hardness (=fundamental gap):    0.280219 Hartree,    7.6252 eV
 Softness:      3.568635 Hartree^-1,    0.1311 eV^-1
 Softness^2:   12.735156 Hartree^-2,    0.0172 eV^-2
 Electrophilicity index:    0.062382 Hartree,    1.6975 eV
 Nucleophilicity index:     0.069395 Hartree,    1.8883 eV
