 Note: the E(HOMO) of TCE used for evaluating nucleophilicity index is the value evaluated at B3LYP/6-31G* level
 
 Hirshfeld charges, condensed Fukui functions and condensed dual descriptors
 Units used below are "e" (elementary charge)
     Atom     q(N)    q(N+1)   q(N-1)     f-       f+       f0      CDD
     1(Cl)  -0.2564  -0.4650  -0.1082   0.1482   0.2086   0.1784   0.0604
     2(Pt)   0.5624   0.4500   0.5800   0.0177   0.1124   0.0650   0.0947
     3(Cl)  -0.2718  -0.4290  -0.1446   0.1272   0.1573   0.1422   0.0301
     4(N )  -0.0694  -0.1119  -0.0562   0.0132   0.0425   0.0278   0.0293
     5(H )   0.1243   0.0988   0.1364   0.0121   0.0255   0.0188   0.0135
     6(H )   0.1219   0.0999   0.1278   0.0059   0.0220   0.0140   0.0161
     7(N )  -0.1211  -0.1599  -0.1057   0.0155   0.0388   0.0271   0.0233
     8(H )   0.1260   0.0972   0.1372   0.0113   0.0287   0.0200   0.0175
     9(H )   0.0927   0.0757   0.1030   0.0103   0.0170   0.0137   0.0067
    10(H )   0.1247   0.0935   0.1401   0.0154   0.0312   0.0233   0.0159
    11(O )  -0.2661  -0.2809  -0.2244   0.0416   0.0148   0.0282  -0.0269
    12(O )  -0.2703  -0.2890  -0.0857   0.1846   0.0187   0.1017  -0.1659
    13(C )   0.1828   0.1719   0.2364   0.0536   0.0109   0.0323  -0.0427
    14(C )  -0.0886  -0.1022  -0.0482   0.0404   0.0136   0.0270  -0.0268
    15(H )   0.0371   0.0246   0.0712   0.0342   0.0125   0.0233  -0.0217
    16(H )   0.0442   0.0253   0.0693   0.0252   0.0189   0.0220  -0.0063
    17(H )   0.0361   0.0240   0.0703   0.0342   0.0121   0.0232  -0.0222
    18(O )  -0.2426  -0.2512  -0.2155   0.0271   0.0086   0.0179  -0.0185
    19(O )  -0.2713  -0.2931  -0.2364   0.0349   0.0218   0.0283  -0.0131
    20(C )   0.2014   0.1889   0.2159   0.0144   0.0125   0.0135  -0.0020
    21(C )  -0.0829  -0.0955  -0.0662   0.0166   0.0126   0.0146  -0.0040
    22(H )   0.0549   0.0433   0.0670   0.0121   0.0116   0.0119  -0.0006
    23(H )   0.0416   0.0233   0.0608   0.0192   0.0183   0.0187  -0.0009
    24(H )   0.0435   0.0317   0.0564   0.0129   0.0118   0.0123  -0.0011
    25(C )   0.0356   0.0298   0.0364   0.0009   0.0057   0.0033   0.0049
    26(C )  -0.0546  -0.0541  -0.0549  -0.0002  -0.0006  -0.0004  -0.0003
    27(C )  -0.0420  -0.0468  -0.0384   0.0036   0.0049   0.0042   0.0013
    28(C )  -0.0450  -0.0504  -0.0405   0.0046   0.0054   0.0050   0.0008
    29(C )  -0.0415  -0.0497  -0.0361   0.0054   0.0082   0.0068   0.0028
    30(C )  -0.0472  -0.0548  -0.0433   0.0039   0.0076   0.0057   0.0036
    31(H )   0.0318   0.0256   0.0325   0.0007   0.0062   0.0034   0.0054
    32(H )   0.0238   0.0279   0.0195  -0.0044  -0.0041  -0.0042   0.0003
    33(H )   0.0311   0.0243   0.0358   0.0047   0.0068   0.0057   0.0021
    34(H )   0.0377   0.0262   0.0463   0.0086   0.0115   0.0100   0.0029
    35(H )   0.0257   0.0209   0.0288   0.0031   0.0048   0.0040   0.0017
    36(H )   0.0340   0.0199   0.0452   0.0113   0.0140   0.0127   0.0028
    37(H )   0.0283   0.0210   0.0343   0.0060   0.0073   0.0067   0.0013
    38(H )   0.0361   0.0204   0.0476   0.0114   0.0157   0.0136   0.0042
    39(H )   0.0285   0.0216   0.0323   0.0039   0.0069   0.0054   0.0030
    40(H )   0.0344   0.0268   0.0366   0.0022   0.0076   0.0049   0.0054
    41(H )   0.0304   0.0213   0.0369   0.0065   0.0092   0.0078   0.0027
 
 Condensed local electrophilicity/nucleophilicity index (e*eV)
     Atom              Electrophilicity          Nucleophilicity
     1(Cl)                  0.33022                  0.39381
     2(Pt)                  0.17792                  0.04693
     3(Cl)                  0.24896                  0.33791
     4(N )                  0.06721                  0.03496
     5(H )                  0.04040                  0.03207
     6(H )                  0.03486                  0.01576
     7(N )                  0.06137                  0.04107
     8(H )                  0.04548                  0.02994
     9(H )                  0.02692                  0.02737
    10(H )                  0.04943                  0.04085
    11(O )                  0.02337                  0.11065
    12(O )                  0.02965                  0.49059
    13(C )                  0.01726                  0.14246
    14(C )                  0.02151                  0.10738
    15(H )                  0.01976                  0.09074
    16(H )                  0.02986                  0.06693
    17(H )                  0.01913                  0.09099
    18(O )                  0.01363                  0.07202
    19(O )                  0.03445                  0.09270
    20(C )                  0.01975                  0.03839
    21(C )                  0.02000                  0.04417
    22(H )                  0.01833                  0.03224
    23(H )                  0.02895                  0.05097
    24(H )                  0.01867                  0.03422
    25(C )                  0.00907                  0.00228
    26(C )                 -0.00091                 -0.00065
    27(C )                  0.00769                  0.00945
    28(C )                  0.00855                  0.01214
    29(C )                  0.01305                  0.01440
    30(C )                  0.01197                  0.01041
    31(H )                  0.00974                  0.00194
    32(H )                 -0.00642                 -0.01161
    33(H )                  0.01074                  0.01241
    34(H )                  0.01817                  0.02278
    35(H )                  0.00764                  0.00837
    36(H )                  0.02223                  0.02991
    37(H )                  0.01156                  0.01596
    38(H )                  0.02482                  0.03042
    39(H )                  0.01085                  0.01031
    40(H )                  0.01199                  0.00588
    41(H )                  0.01456                  0.01720
 
 Condensed local softness (e/Hartree), relative electrophilicity/nucleophilicity (dimensionless) and condensed local hyper-softness (e/Hartree^2)
     Atom         s-          s+          s0        s+/s-       s-/s+       s(2)
     1(Cl)      0.5701      0.8025      0.6863      1.4075      0.7105      0.8937
     2(Pt)      0.0679      0.4324      0.2502      6.3634      0.1571      1.4019
     3(Cl)      0.4892      0.6050      0.5471      1.2367      0.8086      0.4454
     4(N )      0.0506      0.1633      0.1070      3.2269      0.3099      0.4336
     5(H )      0.0464      0.0982      0.0723      2.1146      0.4729      0.1991
     6(H )      0.0228      0.0847      0.0538      3.7133      0.2693      0.2381
     7(N )      0.0595      0.1491      0.1043      2.5084      0.3987      0.3450
     8(H )      0.0433      0.1105      0.0769      2.5502      0.3921      0.2585
     9(H )      0.0396      0.0654      0.0525      1.6511      0.6057      0.0993
    10(H )      0.0591      0.1201      0.0896      2.0309      0.4924      0.2345
    11(O )      0.1602      0.0568      0.1085      0.3546      2.8202     -0.3977
    12(O )      0.7103      0.0721      0.3912      0.1015      9.8561     -2.4550
    13(C )      0.2062      0.0419      0.1241      0.2034      4.9167     -0.6320
    14(C )      0.1555      0.0523      0.1039      0.3362      2.9746     -0.3970
    15(H )      0.1314      0.0480      0.0897      0.3656      2.7352     -0.3206
    16(H )      0.0969      0.0726      0.0847      0.7488      1.3355     -0.0936
    17(H )      0.1317      0.0465      0.0891      0.3529      2.8339     -0.3279
    18(O )      0.1043      0.0331      0.0687      0.3177      3.1471     -0.2736
    19(O )      0.1342      0.0837      0.1090      0.6238      1.6031     -0.1942
    20(C )      0.0556      0.0480      0.0518      0.8634      1.1582     -0.0292
    21(C )      0.0639      0.0486      0.0563      0.7602      1.3154     -0.0590
    22(H )      0.0467      0.0445      0.0456      0.9545      1.0477     -0.0082
    23(H )      0.0738      0.0704      0.0721      0.9534      1.0489     -0.0132
    24(H )      0.0495      0.0454      0.0475      0.9159      1.0919     -0.0160
    25(C )      0.0033      0.0220      0.0127      6.6893      0.1495      0.0721
    26(C )     -0.0009     -0.0022     -0.0016      2.3412      0.4271     -0.0049
    27(C )      0.0137      0.0187      0.0162      1.3652      0.7325      0.0192
    28(C )      0.0176      0.0208      0.0192      1.1823      0.8458      0.0123
    29(C )      0.0208      0.0317      0.0263      1.5216      0.6572      0.0418
    30(C )      0.0151      0.0291      0.0221      1.9295      0.5183      0.0539
    31(H )      0.0028      0.0237      0.0132      8.4115      0.1189      0.0802
    32(H )     -0.0168     -0.0156     -0.0162      0.9275      1.0782      0.0047
    33(H )      0.0180      0.0261      0.0220      1.4531      0.6882      0.0313
    34(H )      0.0330      0.0442      0.0386      1.3393      0.7467      0.0430
    35(H )      0.0121      0.0186      0.0153      1.5329      0.6523      0.0248
    36(H )      0.0433      0.0540      0.0487      1.2474      0.8017      0.0412
    37(H )      0.0231      0.0281      0.0256      1.2152      0.8229      0.0191
    38(H )      0.0440      0.0603      0.0522      1.3696      0.7301      0.0626
    39(H )      0.0149      0.0264      0.0206      1.7663      0.5661      0.0440
    40(H )      0.0085      0.0291      0.0188      3.4200      0.2924      0.0793
    41(H )      0.0249      0.0354      0.0301      1.4205      0.7040      0.0403
 
 E(N):    -1844.793985 Hartree
 E(N+1):    -1844.837914 Hartree
 E(N-1):    -1844.490096 Hartree
 E_HOMO(N):     -0.237555 Hartree,   -6.4642 eV
 E_HOMO(N+1):    0.016368 Hartree,    0.4454 eV
 E_HOMO(N-1):   -0.401940 Hartree,  -10.9373 eV
 First vertical IP:     0.303888 Hartree,    8.2692 eV
 First vertical EA:     0.043929 Hartree,    1.1954 eV
 Mulliken electronegativity:     0.173909 Hartree,    4.7323 eV
 Chemical potential:            -0.173909 Hartree,   -4.7323 eV
 Hardness (=fundamental gap):    0.259959 Hartree,    7.0739 eV
 Softness:      3.846756 Hartree^-1,    0.1414 eV^-1
 Softness^2:   14.797528 Hartree^-2,    0.0200 eV^-2
 Electrophilicity index:    0.058171 Hartree,    1.5829 eV
 Nucleophilicity index:     0.097643 Hartree,    2.6570 eV
