 Note: the E(HOMO) of TCE used for evaluating nucleophilicity index is the value evaluated at B3LYP/6-31G* level
 
 Hirshfeld charges, condensed Fukui functions and condensed dual descriptors
 Units used below are "e" (elementary charge)
     Atom     q(N)    q(N+1)   q(N-1)     f-       f+       f0      CDD
     1(Cl)  -0.2715  -0.4941  -0.0850   0.1865   0.2226   0.2046   0.0360
     2(Pt)   0.5667   0.4504   0.5950   0.0284   0.1162   0.0723   0.0879
     3(Cl)  -0.2908  -0.4093  -0.1434   0.1474   0.1185   0.1330  -0.0289
     4(N )  -0.0699  -0.1162  -0.0582   0.0117   0.0463   0.0290   0.0346
     5(H )   0.1232   0.1001   0.1312   0.0081   0.0230   0.0155   0.0150
     6(H )   0.1116   0.0894   0.1213   0.0097   0.0222   0.0160   0.0125
     7(N )  -0.1187  -0.1449  -0.1009   0.0179   0.0262   0.0220   0.0083
     8(H )   0.1141   0.0950   0.1285   0.0144   0.0191   0.0167   0.0047
     9(H )   0.0969   0.0827   0.1090   0.0121   0.0142   0.0131   0.0021
    10(H )   0.1270   0.1039   0.1427   0.0157   0.0231   0.0194   0.0074
    11(O )  -0.2322  -0.2523  -0.2058   0.0264   0.0201   0.0232  -0.0063
    12(O )  -0.2677  -0.2937  -0.1693   0.0984   0.0260   0.0622  -0.0723
    13(C )   0.2045   0.1899   0.2316   0.0270   0.0146   0.0208  -0.0125
    14(C )  -0.0817  -0.0961  -0.0569   0.0248   0.0144   0.0196  -0.0104
    15(H )   0.0440   0.0315   0.0657   0.0217   0.0124   0.0171  -0.0092
    16(H )   0.0429   0.0228   0.0639   0.0210   0.0201   0.0205  -0.0010
    17(H )   0.0548   0.0421   0.0743   0.0195   0.0127   0.0161  -0.0068
    18(O )  -0.2347  -0.2552  -0.2103   0.0244   0.0205   0.0224  -0.0039
    19(O )  -0.2979  -0.3208  -0.2094   0.0886   0.0229   0.0557  -0.0657
    20(C )   0.1920   0.1771   0.2184   0.0264   0.0148   0.0206  -0.0116
    21(C )  -0.0834  -0.0979  -0.0607   0.0227   0.0146   0.0186  -0.0081
    22(H )   0.0484   0.0353   0.0682   0.0197   0.0132   0.0164  -0.0066
    23(H )   0.0507   0.0375   0.0696   0.0189   0.0132   0.0161  -0.0057
    24(H )   0.0420   0.0219   0.0622   0.0202   0.0201   0.0202  -0.0001
    25(C )   0.0343   0.0267   0.0368   0.0025   0.0076   0.0050   0.0051
    26(C )  -0.0461  -0.0557  -0.0398   0.0063   0.0096   0.0079   0.0033
    27(C )  -0.0467  -0.0515  -0.0422   0.0045   0.0048   0.0046   0.0004
    28(C )  -0.0460  -0.0510  -0.0406   0.0054   0.0051   0.0052  -0.0003
    29(C )  -0.0492  -0.0507  -0.0478   0.0014   0.0015   0.0014   0.0001
    30(C )  -0.0555  -0.0563  -0.0543   0.0013   0.0007   0.0010  -0.0006
    31(H )   0.0337   0.0263   0.0356   0.0019   0.0073   0.0046   0.0055
    32(H )   0.0379   0.0170   0.0512   0.0132   0.0209   0.0171   0.0077
    33(H )   0.0327   0.0237   0.0389   0.0062   0.0090   0.0076   0.0029
    34(H )   0.0259   0.0244   0.0263   0.0005   0.0015   0.0010   0.0010
    35(H )   0.0354   0.0191   0.0494   0.0140   0.0163   0.0151   0.0023
    36(H )   0.0267   0.0154   0.0370   0.0102   0.0113   0.0108   0.0011
    37(H )   0.0329   0.0203   0.0442   0.0113   0.0125   0.0119   0.0012
    38(H )   0.0239   0.0276   0.0194  -0.0045  -0.0037  -0.0041   0.0008
    39(H )   0.0350   0.0237   0.0426   0.0075   0.0113   0.0094   0.0038
    40(H )   0.0341   0.0180   0.0472   0.0130   0.0162   0.0146   0.0031
    41(H )   0.0204   0.0236   0.0141  -0.0063  -0.0031  -0.0047   0.0032
 
 Condensed local electrophilicity/nucleophilicity index (e*eV)
     Atom              Electrophilicity          Nucleophilicity
     1(Cl)                  0.37848                  0.35011
     2(Pt)                  0.19766                  0.05323
     3(Cl)                  0.20150                  0.27673
     4(N )                  0.07870                  0.02201
     5(H )                  0.03917                  0.01512
     6(H )                  0.03779                  0.01822
     7(N )                  0.04455                  0.03350
     8(H )                  0.03247                  0.02699
     9(H )                  0.02414                  0.02264
    10(H )                  0.03929                  0.02941
    11(O )                  0.03421                  0.04949
    12(O )                  0.04426                  0.18463
    13(C )                  0.02481                  0.05077
    14(C )                  0.02444                  0.04654
    15(H )                  0.02116                  0.04067
    16(H )                  0.03411                  0.03947
    17(H )                  0.02154                  0.03656
    18(O )                  0.03482                  0.04583
    19(O )                  0.03888                  0.16626
    20(C )                  0.02522                  0.04963
    21(C )                  0.02477                  0.04254
    22(H )                  0.02237                  0.03704
    23(H )                  0.02252                  0.03553
    24(H )                  0.03418                  0.03797
    25(C )                  0.01289                  0.00469
    26(C )                  0.01633                  0.01177
    27(C )                  0.00820                  0.00838
    28(C )                  0.00860                  0.01007
    29(C )                  0.00253                  0.00263
    30(C )                  0.00123                  0.00241
    31(H )                  0.01248                  0.00353
    32(H )                  0.03560                  0.02486
    33(H )                  0.01538                  0.01156
    34(H )                  0.00247                  0.00088
    35(H )                  0.02765                  0.02628
    36(H )                  0.01928                  0.01922
    37(H )                  0.02130                  0.02128
    38(H )                 -0.00636                 -0.00843
    39(H )                  0.01927                  0.01411
    40(H )                  0.02751                  0.02447
    41(H )                 -0.00532                 -0.01189
 
 Condensed local softness (e/Hartree), relative electrophilicity/nucleophilicity (dimensionless) and condensed local hyper-softness (e/Hartree^2)
     Atom         s-          s+          s0        s+/s-       s-/s+       s(2)
     1(Cl)      0.6659      0.7946      0.7303      1.1932      0.8381      0.4594
     2(Pt)      0.1013      0.4150      0.2581      4.0985      0.2440      1.1201
     3(Cl)      0.5264      0.4231      0.4747      0.8037      1.2442     -0.3688
     4(N )      0.0419      0.1652      0.1036      3.9463      0.2534      0.4404
     5(H )      0.0288      0.0822      0.0555      2.8591      0.3498      0.1909
     6(H )      0.0347      0.0793      0.0570      2.2898      0.4367      0.1596
     7(N )      0.0637      0.0935      0.0786      1.4676      0.6814      0.1064
     8(H )      0.0513      0.0682      0.0597      1.3281      0.7530      0.0601
     9(H )      0.0431      0.0507      0.0469      1.1770      0.8497      0.0272
    10(H )      0.0559      0.0825      0.0692      1.4747      0.6781      0.0948
    11(O )      0.0941      0.0718      0.0830      0.7630      1.3107     -0.0797
    12(O )      0.3512      0.0929      0.2220      0.2646      3.7793     -0.9220
    13(C )      0.0966      0.0521      0.0743      0.5394      1.8540     -0.1588
    14(C )      0.0885      0.0513      0.0699      0.5797      1.7251     -0.1328
    15(H )      0.0774      0.0444      0.0609      0.5744      1.7410     -0.1176
    16(H )      0.0751      0.0716      0.0733      0.9539      1.0483     -0.0124
    17(H )      0.0695      0.0452      0.0574      0.6503      1.5378     -0.0868
    18(O )      0.0872      0.0731      0.0801      0.8388      1.1922     -0.0502
    19(O )      0.3162      0.0816      0.1989      0.2581      3.8743     -0.8376
    20(C )      0.0944      0.0529      0.0737      0.5609      1.7830     -0.1480
    21(C )      0.0809      0.0520      0.0665      0.6427      1.5560     -0.1032
    22(H )      0.0705      0.0470      0.0587      0.6667      1.5000     -0.0838
    23(H )      0.0676      0.0473      0.0574      0.6996      1.4295     -0.0725
    24(H )      0.0722      0.0718      0.0720      0.9938      1.0062     -0.0016
    25(C )      0.0089      0.0271      0.0180      3.0314      0.3299      0.0648
    26(C )      0.0224      0.0343      0.0283      1.5309      0.6532      0.0424
    27(C )      0.0159      0.0172      0.0166      1.0796      0.9263      0.0045
    28(C )      0.0192      0.0181      0.0186      0.9429      1.0606     -0.0039
    29(C )      0.0050      0.0053      0.0052      1.0635      0.9403      0.0011
    30(C )      0.0046      0.0026      0.0036      0.5611      1.7821     -0.0072
    31(H )      0.0067      0.0262      0.0165      3.9009      0.2563      0.0696
    32(H )      0.0473      0.0747      0.0610      1.5804      0.6327      0.0980
    33(H )      0.0220      0.0323      0.0271      1.4687      0.6809      0.0368
    34(H )      0.0017      0.0052      0.0034      3.0908      0.3235      0.0125
    35(H )      0.0500      0.0580      0.0540      1.1613      0.8611      0.0288
    36(H )      0.0366      0.0405      0.0385      1.1073      0.9031      0.0140
    37(H )      0.0405      0.0447      0.0426      1.1049      0.9051      0.0152
    38(H )     -0.0160     -0.0134     -0.0147      0.8326      1.2011      0.0096
    39(H )      0.0268      0.0405      0.0337      1.5072      0.6635      0.0486
    40(H )      0.0465      0.0578      0.0522      1.2406      0.8060      0.0400
    41(H )     -0.0226     -0.0112     -0.0169      0.4938      2.0249      0.0409
 
 E(N):    -1844.812753 Hartree
 E(N+1):    -1844.859803 Hartree
 E(N-1):    -1844.485599 Hartree
 E_HOMO(N):     -0.266222 Hartree,   -7.2443 eV
 E_HOMO(N+1):    0.012918 Hartree,    0.3515 eV
 E_HOMO(N-1):   -0.410968 Hartree,  -11.1830 eV
 First vertical IP:     0.327154 Hartree,    8.9023 eV
 First vertical EA:     0.047051 Hartree,    1.2803 eV
 Mulliken electronegativity:     0.187102 Hartree,    5.0913 eV
 Chemical potential:            -0.187102 Hartree,   -5.0913 eV
 Hardness (=fundamental gap):    0.280103 Hartree,    7.6220 eV
 Softness:      3.570115 Hartree^-1,    0.1312 eV^-1
 Softness^2:   12.745722 Hartree^-2,    0.0172 eV^-2
 Electrophilicity index:    0.062490 Hartree,    1.7004 eV
 Nucleophilicity index:     0.068976 Hartree,    1.8769 eV
