 Note: the E(HOMO) of TCE used for evaluating nucleophilicity index is the value evaluated at B3LYP/6-31G* level
 
 Hirshfeld charges, condensed Fukui functions and condensed dual descriptors
 Units used below are "e" (elementary charge)
     Atom     q(N)    q(N+1)   q(N-1)     f-       f+       f0      CDD
     1(Cl)  -0.2870  -0.4657  -0.0800   0.2070   0.1787   0.1929  -0.0283
     2(Pt)   0.5675   0.4441   0.6061   0.0386   0.1234   0.0810   0.0848
     3(Cl)  -0.2536  -0.3442  -0.0133   0.2403   0.0907   0.1655  -0.1496
     4(N )  -0.0814  -0.1189  -0.0641   0.0172   0.0375   0.0274   0.0203
     5(H )   0.0951   0.0800   0.1041   0.0090   0.0151   0.0120   0.0061
     6(H )   0.0984   0.0819   0.1080   0.0096   0.0165   0.0130   0.0069
     7(N )  -0.1142  -0.1269  -0.0905   0.0238   0.0127   0.0182  -0.0111
     8(H )   0.1144   0.1002   0.1290   0.0147   0.0142   0.0144  -0.0004
     9(H )   0.1299   0.1093   0.1484   0.0186   0.0205   0.0196   0.0019
    10(H )   0.1111   0.0973   0.1252   0.0141   0.0137   0.0139  -0.0004
    11(O )  -0.2255  -0.2714  -0.2132   0.0123   0.0459   0.0291   0.0336
    12(O )  -0.2901  -0.3235  -0.2402   0.0499   0.0334   0.0416  -0.0166
    13(C )   0.2013   0.1769   0.2180   0.0167   0.0244   0.0206   0.0077
    14(C )  -0.0809  -0.1002  -0.0656   0.0153   0.0193   0.0173   0.0040
    15(H )   0.0521   0.0355   0.0654   0.0133   0.0166   0.0149   0.0032
    16(H )   0.0437   0.0188   0.0619   0.0183   0.0248   0.0216   0.0065
    17(H )   0.0520   0.0358   0.0660   0.0139   0.0162   0.0151   0.0023
    18(O )  -0.2200  -0.2651  -0.2060   0.0140   0.0452   0.0296   0.0312
    19(O )  -0.2866  -0.3185  -0.2384   0.0482   0.0319   0.0401  -0.0163
    20(C )   0.2029   0.1792   0.2188   0.0160   0.0237   0.0198   0.0077
    21(C )  -0.0803  -0.0993  -0.0657   0.0147   0.0190   0.0168   0.0043
    22(H )   0.0454   0.0211   0.0634   0.0180   0.0243   0.0212   0.0063
    23(H )   0.0516   0.0348   0.0648   0.0132   0.0168   0.0150   0.0036
    24(H )   0.0501   0.0350   0.0629   0.0128   0.0151   0.0139   0.0023
    25(C )   0.0342   0.0287   0.0380   0.0038   0.0055   0.0047   0.0017
    26(C )  -0.0476  -0.0553  -0.0399   0.0077   0.0076   0.0077  -0.0001
    27(C )  -0.0479  -0.0523  -0.0421   0.0057   0.0045   0.0051  -0.0013
    28(C )  -0.0468  -0.0519  -0.0392   0.0077   0.0051   0.0064  -0.0025
    29(C )  -0.0521  -0.0542  -0.0459   0.0061   0.0022   0.0041  -0.0040
    30(C )  -0.0544  -0.0554  -0.0495   0.0049   0.0009   0.0029  -0.0040
    31(H )   0.0304   0.0231   0.0357   0.0053   0.0073   0.0063   0.0020
    32(H )   0.0362   0.0177   0.0505   0.0143   0.0184   0.0164   0.0042
    33(H )   0.0319   0.0257   0.0387   0.0068   0.0061   0.0065  -0.0007
    34(H )   0.0240   0.0227   0.0256   0.0016   0.0013   0.0015  -0.0003
    35(H )   0.0326   0.0172   0.0482   0.0156   0.0154   0.0155  -0.0002
    36(H )   0.0257   0.0148   0.0366   0.0110   0.0109   0.0109  -0.0001
    37(H )   0.0305   0.0178   0.0461   0.0157   0.0126   0.0142  -0.0030
    38(H )   0.0184   0.0210   0.0181  -0.0003  -0.0027  -0.0015  -0.0024
    39(H )   0.0314   0.0194   0.0440   0.0126   0.0120   0.0123  -0.0006
    40(H )   0.0348   0.0195   0.0488   0.0139   0.0153   0.0146   0.0014
    41(H )   0.0230   0.0256   0.0209  -0.0020  -0.0026  -0.0023  -0.0006
 
 Condensed local electrophilicity/nucleophilicity index (e*eV)
     Atom              Electrophilicity          Nucleophilicity
     1(Cl)                  0.30369                  0.40520
     2(Pt)                  0.20971                  0.07565
     3(Cl)                  0.15408                  0.47037
     4(N )                  0.06373                  0.03374
     5(H )                  0.02558                  0.01760
     6(H )                  0.02801                  0.01878
     7(N )                  0.02155                  0.04657
     8(H )                  0.02414                  0.02869
     9(H )                  0.03490                  0.03639
    10(H )                  0.02336                  0.02765
    11(O )                  0.07805                  0.02404
    12(O )                  0.05668                  0.09772
    13(C )                  0.04147                  0.03268
    14(C )                  0.03277                  0.02991
    15(H )                  0.02813                  0.02606
    16(H )                  0.04217                  0.03582
    17(H )                  0.02756                  0.02727
    18(O )                  0.07678                  0.02736
    19(O )                  0.05421                  0.09445
    20(C )                  0.04026                  0.03123
    21(C )                  0.03232                  0.02872
    22(H )                  0.04126                  0.03528
    23(H )                  0.02858                  0.02584
    24(H )                  0.02570                  0.02501
    25(C )                  0.00941                  0.00745
    26(C )                  0.01299                  0.01513
    27(C )                  0.00760                  0.01124
    28(C )                  0.00869                  0.01499
    29(C )                  0.00369                  0.01199
    30(C )                  0.00159                  0.00959
    31(H )                  0.01235                  0.01040
    32(H )                  0.03135                  0.02797
    33(H )                  0.01041                  0.01339
    34(H )                  0.00223                  0.00313
    35(H )                  0.02623                  0.03063
    36(H )                  0.01850                  0.02144
    37(H )                  0.02149                  0.03065
    38(H )                 -0.00454                 -0.00059
    39(H )                  0.02046                  0.02469
    40(H )                  0.02601                  0.02728
    41(H )                 -0.00448                 -0.00398
 
 Condensed local softness (e/Hartree), relative electrophilicity/nucleophilicity (dimensionless) and condensed local hyper-softness (e/Hartree^2)
     Atom         s-          s+          s0        s+/s-       s-/s+       s(2)
     1(Cl)      0.7344      0.6341      0.6842      0.8634      1.1582     -0.3559
     2(Pt)      0.1371      0.4379      0.2875      3.1936      0.3131      1.0671
     3(Cl)      0.8525      0.3217      0.5871      0.3774      2.6499     -1.8833
     4(N )      0.0611      0.1331      0.0971      2.1763      0.4595      0.2552
     5(H )      0.0319      0.0534      0.0427      1.6740      0.5974      0.0763
     6(H )      0.0340      0.0585      0.0463      1.7179      0.5821      0.0867
     7(N )      0.0844      0.0450      0.0647      0.5332      1.8756     -0.1398
     8(H )      0.0520      0.0504      0.0512      0.9694      1.0316     -0.0057
     9(H )      0.0660      0.0729      0.0694      1.1049      0.9051      0.0245
    10(H )      0.0501      0.0488      0.0494      0.9734      1.0273     -0.0047
    11(O )      0.0436      0.1630      0.1033      3.7393      0.2674      0.4235
    12(O )      0.1771      0.1183      0.1477      0.6682      1.4965     -0.2085
    13(C )      0.0592      0.0866      0.0729      1.4620      0.6840      0.0971
    14(C )      0.0542      0.0684      0.0613      1.2620      0.7924      0.0504
    15(H )      0.0472      0.0587      0.0530      1.2435      0.8042      0.0408
    16(H )      0.0649      0.0880      0.0765      1.3562      0.7374      0.0820
    17(H )      0.0494      0.0575      0.0535      1.1642      0.8589      0.0288
    18(O )      0.0496      0.1603      0.1050      3.2325      0.3094      0.3928
    19(O )      0.1712      0.1132      0.1422      0.6612      1.5124     -0.2058
    20(C )      0.0566      0.0841      0.0703      1.4852      0.6733      0.0974
    21(C )      0.0521      0.0675      0.0598      1.2962      0.7715      0.0547
    22(H )      0.0639      0.0862      0.0751      1.3473      0.7422      0.0788
    23(H )      0.0468      0.0597      0.0533      1.2743      0.7847      0.0456
    24(H )      0.0453      0.0537      0.0495      1.1839      0.8447      0.0296
    25(C )      0.0135      0.0196      0.0166      1.4554      0.6871      0.0218
    26(C )      0.0274      0.0271      0.0273      0.9885      1.0116     -0.0011
    27(C )      0.0204      0.0159      0.0181      0.7788      1.2840     -0.0160
    28(C )      0.0272      0.0181      0.0227      0.6678      1.4975     -0.0320
    29(C )      0.0217      0.0077      0.0147      0.3549      2.8175     -0.0497
    30(C )      0.0174      0.0033      0.0104      0.1912      5.2291     -0.0499
    31(H )      0.0188      0.0258      0.0223      1.3684      0.7308      0.0246
    32(H )      0.0507      0.0655      0.0581      1.2911      0.7745      0.0524
    33(H )      0.0243      0.0217      0.0230      0.8954      1.1168     -0.0090
    34(H )      0.0057      0.0047      0.0052      0.8225      1.2158     -0.0036
    35(H )      0.0555      0.0548      0.0551      0.9863      1.0139     -0.0027
    36(H )      0.0389      0.0386      0.0387      0.9942      1.0059     -0.0008
    37(H )      0.0555      0.0449      0.0502      0.8078      1.2379     -0.0379
    38(H )     -0.0011     -0.0095     -0.0053      8.8451      0.1131     -0.0298
    39(H )      0.0448      0.0427      0.0437      0.9547      1.0474     -0.0072
    40(H )      0.0494      0.0543      0.0519      1.0983      0.9105      0.0172
    41(H )     -0.0072     -0.0094     -0.0083      1.2958      0.7717     -0.0076
 
 E(N):    -1844.818842 Hartree
 E(N+1):    -1844.865538 Hartree
 E(N-1):    -1844.490297 Hartree
 E_HOMO(N):     -0.263258 Hartree,   -7.1636 eV
 E_HOMO(N+1):    0.012013 Hartree,    0.3269 eV
 E_HOMO(N-1):   -0.416545 Hartree,  -11.3348 eV
 First vertical IP:     0.328546 Hartree,    8.9402 eV
 First vertical EA:     0.046696 Hartree,    1.2707 eV
 Mulliken electronegativity:     0.187621 Hartree,    5.1054 eV
 Chemical potential:            -0.187621 Hartree,   -5.1054 eV
 Hardness (=fundamental gap):    0.281849 Hartree,    7.6695 eV
 Softness:      3.547998 Hartree^-1,    0.1304 eV^-1
 Softness^2:   12.588287 Hartree^-2,    0.0170 eV^-2
 Electrophilicity index:    0.062448 Hartree,    1.6993 eV
 Nucleophilicity index:     0.071940 Hartree,    1.9576 eV
