 Note: the E(HOMO) of TCE used for evaluating nucleophilicity index is the value evaluated at B3LYP/6-31G* level
 
 Hirshfeld charges, condensed Fukui functions and condensed dual descriptors
 Units used below are "e" (elementary charge)
     Atom     q(N)    q(N+1)   q(N-1)     f-       f+       f0      CDD
     1(Cl)  -0.2837  -0.4665  -0.0847   0.1991   0.1827   0.1909  -0.0164
     2(Pt)   0.5692   0.4457   0.5954   0.0262   0.1235   0.0748   0.0973
     3(Cl)  -0.2789  -0.3699  -0.0962   0.1826   0.0910   0.1368  -0.0916
     4(N )  -0.0747  -0.1122  -0.0576   0.0171   0.0375   0.0273   0.0205
     5(H )   0.0977   0.0821   0.1066   0.0089   0.0156   0.0123   0.0067
     6(H )   0.1182   0.0951   0.1327   0.0145   0.0231   0.0188   0.0086
     7(N )  -0.1215  -0.1351  -0.0997   0.0218   0.0136   0.0177  -0.0082
     8(H )   0.1267   0.1069   0.1451   0.0184   0.0198   0.0191   0.0014
     9(H )   0.1129   0.0980   0.1287   0.0158   0.0149   0.0153  -0.0009
    10(H )   0.0973   0.0853   0.1095   0.0122   0.0120   0.0121  -0.0003
    11(O )  -0.2184  -0.2620  -0.1988   0.0197   0.0436   0.0316   0.0239
    12(O )  -0.2750  -0.3104  -0.1778   0.0972   0.0354   0.0663  -0.0618
    13(C )   0.2045   0.1816   0.2308   0.0262   0.0229   0.0246  -0.0033
    14(C )  -0.0815  -0.1002  -0.0577   0.0237   0.0187   0.0212  -0.0050
    15(H )   0.0430   0.0184   0.0631   0.0201   0.0246   0.0223   0.0045
    16(H )   0.0535   0.0380   0.0731   0.0196   0.0155   0.0175  -0.0040
    17(H )   0.0468   0.0320   0.0666   0.0197   0.0148   0.0173  -0.0049
    18(O )  -0.2280  -0.2731  -0.2105   0.0176   0.0450   0.0313   0.0275
    19(O )  -0.2908  -0.3245  -0.2353   0.0555   0.0336   0.0446  -0.0219
    20(C )   0.1998   0.1756   0.2187   0.0189   0.0242   0.0215   0.0053
    21(C )  -0.0812  -0.1004  -0.0628   0.0183   0.0192   0.0188   0.0009
    22(H )   0.0515   0.0350   0.0668   0.0153   0.0164   0.0159   0.0011
    23(H )   0.0522   0.0358   0.0675   0.0153   0.0164   0.0158   0.0011
    24(H )   0.0437   0.0189   0.0623   0.0186   0.0248   0.0217   0.0062
    25(C )   0.0313   0.0273   0.0329   0.0016   0.0041   0.0028   0.0025
    26(C )  -0.0487  -0.0553  -0.0425   0.0062   0.0066   0.0064   0.0004
    27(C )  -0.0417  -0.0494  -0.0348   0.0069   0.0077   0.0073   0.0007
    28(C )  -0.0456  -0.0510  -0.0394   0.0062   0.0054   0.0058  -0.0008
    29(C )  -0.0431  -0.0475  -0.0383   0.0048   0.0044   0.0046  -0.0004
    30(C )  -0.0561  -0.0560  -0.0556   0.0005  -0.0001   0.0002  -0.0006
    31(H )   0.0267   0.0231   0.0265  -0.0003   0.0037   0.0017   0.0039
    32(H )   0.0326   0.0258   0.0383   0.0057   0.0067   0.0062   0.0010
    33(H )   0.0271   0.0174   0.0358   0.0087   0.0098   0.0092   0.0011
    34(H )   0.0333   0.0179   0.0482   0.0149   0.0154   0.0152   0.0005
    35(H )   0.0298   0.0241   0.0340   0.0043   0.0057   0.0050   0.0014
    36(H )   0.0316   0.0177   0.0457   0.0140   0.0139   0.0140  -0.0002
    37(H )   0.0263   0.0183   0.0346   0.0083   0.0080   0.0082  -0.0003
    38(H )   0.0340   0.0222   0.0446   0.0106   0.0117   0.0112   0.0011
    39(H )   0.0273   0.0251   0.0283   0.0011   0.0022   0.0016   0.0011
    40(H )   0.0248   0.0280   0.0213  -0.0035  -0.0032  -0.0034   0.0003
    41(H )   0.0266   0.0180   0.0341   0.0075   0.0087   0.0081   0.0012
 
 Condensed local electrophilicity/nucleophilicity index (e*eV)
     Atom              Electrophilicity          Nucleophilicity
     1(Cl)                  0.31312                  0.38003
     2(Pt)                  0.21155                  0.04999
     3(Cl)                  0.15598                  0.34864
     4(N )                  0.06433                  0.03258
     5(H )                  0.02677                  0.01708
     6(H )                  0.03955                  0.02773
     7(N )                  0.02334                  0.04157
     8(H )                  0.03387                  0.03513
     9(H )                  0.02548                  0.03013
    10(H )                  0.02050                  0.02337
    11(O )                  0.07464                  0.03754
    12(O )                  0.06065                  0.18555
    13(C )                  0.03929                  0.05008
    14(C )                  0.03207                  0.04527
    15(H )                  0.04215                  0.03830
    16(H )                  0.02661                  0.03733
    17(H )                  0.02537                  0.03770
    18(O )                  0.07720                  0.03352
    19(O )                  0.05763                  0.10593
    20(C )                  0.04147                  0.03599
    21(C )                  0.03295                  0.03496
    22(H )                  0.02818                  0.02929
    23(H )                  0.02810                  0.02920
    24(H )                  0.04250                  0.03543
    25(C )                  0.00696                  0.00298
    26(C )                  0.01135                  0.01178
    27(C )                  0.01313                  0.01320
    28(C )                  0.00928                  0.01187
    29(C )                  0.00755                  0.00926
    30(C )                 -0.00013                  0.00094
    31(H )                  0.00626                 -0.00054
    32(H )                  0.01156                  0.01097
    33(H )                  0.01672                  0.01660
    34(H )                  0.02642                  0.02843
    35(H )                  0.00975                  0.00817
    36(H )                  0.02380                  0.02681
    37(H )                  0.01377                  0.01584
    38(H )                  0.02013                  0.02029
    39(H )                  0.00376                  0.00205
    40(H )                 -0.00552                 -0.00667
    41(H )                  0.01485                  0.01434
 
 Condensed local softness (e/Hartree), relative electrophilicity/nucleophilicity (dimensionless) and condensed local hyper-softness (e/Hartree^2)
     Atom         s-          s+          s0        s+/s-       s-/s+       s(2)
     1(Cl)      0.6989      0.6415      0.6702      0.9178      1.0895     -0.2016
     2(Pt)      0.0919      0.4334      0.2627      4.7137      0.2121      1.1986
     3(Cl)      0.6412      0.3195      0.4803      0.4984      2.0066     -1.1291
     4(N )      0.0599      0.1318      0.0958      2.1997      0.4546      0.2523
     5(H )      0.0314      0.0548      0.0431      1.7460      0.5727      0.0823
     6(H )      0.0510      0.0810      0.0660      1.5890      0.6293      0.1054
     7(N )      0.0765      0.0478      0.0621      0.6255      1.5988     -0.1005
     8(H )      0.0646      0.0694      0.0670      1.0739      0.9312      0.0168
     9(H )      0.0554      0.0522      0.0538      0.9420      1.0616     -0.0113
    10(H )      0.0430      0.0420      0.0425      0.9772      1.0233     -0.0034
    11(O )      0.0690      0.1529      0.1110      2.2150      0.4515      0.2945
    12(O )      0.3412      0.1243      0.2327      0.3641      2.7462     -0.7617
    13(C )      0.0921      0.0805      0.0863      0.8738      1.1444     -0.0408
    14(C )      0.0832      0.0657      0.0745      0.7892      1.2672     -0.0616
    15(H )      0.0704      0.0864      0.0784      1.2261      0.8156      0.0559
    16(H )      0.0687      0.0545      0.0616      0.7940      1.2594     -0.0496
    17(H )      0.0693      0.0520      0.0606      0.7497      1.3339     -0.0609
    18(O )      0.0616      0.1581      0.1099      2.5655      0.3898      0.3388
    19(O )      0.1948      0.1181      0.1564      0.6060      1.6502     -0.2695
    20(C )      0.0662      0.0849      0.0756      1.2836      0.7791      0.0659
    21(C )      0.0643      0.0675      0.0659      1.0501      0.9523      0.0113
    22(H )      0.0539      0.0577      0.0558      1.0718      0.9330      0.0136
    23(H )      0.0537      0.0576      0.0556      1.0721      0.9327      0.0136
    24(H )      0.0652      0.0871      0.0761      1.3362      0.7484      0.0769
    25(C )      0.0055      0.0143      0.0099      2.5999      0.3846      0.0308
    26(C )      0.0217      0.0232      0.0225      1.0727      0.9322      0.0055
    27(C )      0.0243      0.0269      0.0256      1.1083      0.9023      0.0092
    28(C )      0.0218      0.0190      0.0204      0.8709      1.1482     -0.0099
    29(C )      0.0170      0.0155      0.0162      0.9081      1.1012     -0.0055
    30(C )      0.0017     -0.0003      0.0007     -0.1582     -6.3213     -0.0070
    31(H )     -0.0010      0.0128      0.0059    -12.9884     -0.0770      0.0485
    32(H )      0.0202      0.0237      0.0219      1.1740      0.8518      0.0123
    33(H )      0.0305      0.0343      0.0324      1.1222      0.8911      0.0131
    34(H )      0.0523      0.0541      0.0532      1.0348      0.9663      0.0064
    35(H )      0.0150      0.0200      0.0175      1.3287      0.7526      0.0173
    36(H )      0.0493      0.0488      0.0490      0.9888      1.0113     -0.0019
    37(H )      0.0291      0.0282      0.0287      0.9681      1.0329     -0.0033
    38(H )      0.0373      0.0412      0.0393      1.1052      0.9048      0.0138
    39(H )      0.0038      0.0077      0.0057      2.0448      0.4890      0.0138
    40(H )     -0.0123     -0.0113     -0.0118      0.9226      1.0839      0.0033
    41(H )      0.0264      0.0304      0.0284      1.1538      0.8667      0.0142
 
 E(N):    -1844.818464 Hartree
 E(N+1):    -1844.865447 Hartree
 E(N-1):    -1844.486619 Hartree
 E_HOMO(N):     -0.265048 Hartree,   -7.2123 eV
 E_HOMO(N+1):    0.011887 Hartree,    0.3235 eV
 E_HOMO(N-1):   -0.415414 Hartree,  -11.3040 eV
 First vertical IP:     0.331845 Hartree,    9.0300 eV
 First vertical EA:     0.046983 Hartree,    1.2785 eV
 Mulliken electronegativity:     0.189414 Hartree,    5.1542 eV
 Chemical potential:            -0.189414 Hartree,   -5.1542 eV
 Hardness (=fundamental gap):    0.284862 Hartree,    7.7515 eV
 Softness:      3.510470 Hartree^-1,    0.1290 eV^-1
 Softness^2:   12.323399 Hartree^-2,    0.0166 eV^-2
 Electrophilicity index:    0.062974 Hartree,    1.7136 eV
 Nucleophilicity index:     0.070150 Hartree,    1.9089 eV
