 Note: the E(HOMO) of TCE used for evaluating nucleophilicity index is the value evaluated at B3LYP/6-31G* level
 
 Hirshfeld charges, condensed Fukui functions and condensed dual descriptors
 Units used below are "e" (elementary charge)
     Atom     q(N)    q(N+1)   q(N-1)     f-       f+       f0      CDD
     1(Cl)  -0.2764  -0.4781  -0.0900   0.1864   0.2017   0.1940   0.0153
     2(Pt)   0.5693   0.4487   0.5995   0.0302   0.1206   0.0754   0.0904
     3(Cl)  -0.2768  -0.3686  -0.0853   0.1915   0.0918   0.1417  -0.0997
     4(N )  -0.0783  -0.1231  -0.0619   0.0164   0.0448   0.0306   0.0284
     5(H )   0.0948   0.0774   0.1035   0.0087   0.0174   0.0131   0.0087
     6(H )   0.1156   0.0917   0.1270   0.0114   0.0238   0.0176   0.0124
     7(N )  -0.1199  -0.1338  -0.0976   0.0223   0.0139   0.0181  -0.0084
     8(H )   0.1173   0.1020   0.1338   0.0165   0.0154   0.0159  -0.0011
     9(H )   0.0963   0.0852   0.1084   0.0121   0.0112   0.0116  -0.0009
    10(H )   0.1274   0.1089   0.1448   0.0174   0.0185   0.0180   0.0011
    11(O )  -0.2169  -0.2533  -0.1940   0.0229   0.0364   0.0297   0.0135
    12(O )  -0.2657  -0.2987  -0.1703   0.0954   0.0330   0.0642  -0.0625
    13(C )   0.2044   0.1846   0.2299   0.0256   0.0197   0.0227  -0.0058
    14(C )  -0.0812  -0.0987  -0.0586   0.0225   0.0175   0.0200  -0.0051
    15(H )   0.0449   0.0307   0.0650   0.0201   0.0142   0.0171  -0.0059
    16(H )   0.0433   0.0201   0.0637   0.0204   0.0232   0.0218   0.0028
    17(H )   0.0551   0.0406   0.0735   0.0184   0.0145   0.0165  -0.0039
    18(O )  -0.2296  -0.2668  -0.2119   0.0176   0.0372   0.0274   0.0196
    19(O )  -0.2920  -0.3230  -0.2350   0.0570   0.0310   0.0440  -0.0260
    20(C )   0.1989   0.1772   0.2179   0.0190   0.0217   0.0204   0.0027
    21(C )  -0.0814  -0.0992  -0.0639   0.0175   0.0178   0.0177   0.0004
    22(H )   0.0516   0.0364   0.0664   0.0148   0.0152   0.0150   0.0004
    23(H )   0.0437   0.0202   0.0624   0.0187   0.0235   0.0211   0.0047
    24(H )   0.0515   0.0358   0.0669   0.0154   0.0157   0.0155   0.0003
    25(C )   0.0393   0.0305   0.0436   0.0043   0.0088   0.0065   0.0045
    26(C )  -0.0576  -0.0591  -0.0549   0.0027   0.0016   0.0021  -0.0011
    27(C )  -0.0436  -0.0496  -0.0375   0.0061   0.0060   0.0061  -0.0001
    28(C )  -0.0451  -0.0490  -0.0410   0.0041   0.0039   0.0040  -0.0002
    29(C )  -0.0423  -0.0483  -0.0372   0.0051   0.0060   0.0056   0.0009
    30(C )  -0.0565  -0.0571  -0.0551   0.0015   0.0006   0.0010  -0.0009
    31(H )   0.0339   0.0091   0.0533   0.0194   0.0248   0.0221   0.0054
    32(H )   0.0301   0.0227   0.0360   0.0060   0.0074   0.0067   0.0014
    33(H )   0.0220   0.0241   0.0186  -0.0035  -0.0021  -0.0028   0.0014
    34(H )   0.0337   0.0215   0.0446   0.0110   0.0122   0.0116   0.0012
    35(H )   0.0242   0.0129   0.0362   0.0120   0.0113   0.0117  -0.0007
    36(H )   0.0311   0.0161   0.0453   0.0142   0.0150   0.0146   0.0007
    37(H )   0.0277   0.0281   0.0256  -0.0021  -0.0004  -0.0013   0.0017
    38(H )   0.0340   0.0222   0.0438   0.0098   0.0118   0.0108   0.0020
    39(H )   0.0255   0.0142   0.0368   0.0113   0.0113   0.0113  -0.0001
    40(H )   0.0288   0.0231   0.0346   0.0058   0.0057   0.0058  -0.0000
    41(H )   0.0189   0.0227   0.0128  -0.0060  -0.0038  -0.0049   0.0022
 
 Condensed local electrophilicity/nucleophilicity index (e*eV)
     Atom              Electrophilicity          Nucleophilicity
     1(Cl)                  0.35097                  0.34822
     2(Pt)                  0.20978                  0.05638
     3(Cl)                  0.15979                  0.35774
     4(N )                  0.07802                  0.03062
     5(H )                  0.03034                  0.01625
     6(H )                  0.04147                  0.02127
     7(N )                  0.02419                  0.04168
     8(H )                  0.02676                  0.03084
     9(H )                  0.01944                  0.02254
    10(H )                  0.03220                  0.03252
    11(O )                  0.06334                  0.04286
    12(O )                  0.05734                  0.17828
    13(C )                  0.03434                  0.04776
    14(C )                  0.03042                  0.04212
    15(H )                  0.02470                  0.03749
    16(H )                  0.04038                  0.03808
    17(H )                  0.02523                  0.03439
    18(O )                  0.06475                  0.03296
    19(O )                  0.05399                  0.10652
    20(C )                  0.03780                  0.03546
    21(C )                  0.03104                  0.03263
    22(H )                  0.02645                  0.02766
    23(H )                  0.04083                  0.03499
    24(H )                  0.02733                  0.02871
    25(C )                  0.01525                  0.00802
    26(C )                  0.00271                  0.00499
    27(C )                  0.01046                  0.01142
    28(C )                  0.00678                  0.00767
    29(C )                  0.01045                  0.00956
    30(C )                  0.00103                  0.00272
    31(H )                  0.04316                  0.03623
    32(H )                  0.01288                  0.01115
    33(H )                 -0.00365                 -0.00646
    34(H )                  0.02118                  0.02053
    35(H )                  0.01965                  0.02243
    36(H )                  0.02609                  0.02661
    37(H )                 -0.00071                 -0.00391
    38(H )                  0.02054                  0.01832
    39(H )                  0.01960                  0.02120
    40(H )                  0.00999                  0.01079
    41(H )                 -0.00667                 -0.01128
 
 Condensed local softness (e/Hartree), relative electrophilicity/nucleophilicity (dimensionless) and condensed local hyper-softness (e/Hartree^2)
     Atom         s-          s+          s0        s+/s-       s-/s+       s(2)
     1(Cl)      0.6651      0.7197      0.6924      1.0820      0.9242      0.1947
     2(Pt)      0.1077      0.4302      0.2689      3.9945      0.2503      1.1507
     3(Cl)      0.6833      0.3277      0.5055      0.4795      2.0854     -1.2690
     4(N )      0.0585      0.1600      0.1092      2.7355      0.3656      0.3622
     5(H )      0.0310      0.0622      0.0466      2.0042      0.4990      0.1112
     6(H )      0.0406      0.0850      0.0628      2.0929      0.4778      0.1584
     7(N )      0.0796      0.0496      0.0646      0.6230      1.6051     -0.1071
     8(H )      0.0589      0.0549      0.0569      0.9317      1.0733     -0.0144
     9(H )      0.0431      0.0399      0.0415      0.9261      1.0798     -0.0113
    10(H )      0.0621      0.0660      0.0641      1.0632      0.9406      0.0140
    11(O )      0.0819      0.1299      0.1059      1.5864      0.6303      0.1713
    12(O )      0.3405      0.1176      0.2290      0.3453      2.8961     -0.7955
    13(C )      0.0912      0.0704      0.0808      0.7720      1.2953     -0.0742
    14(C )      0.0804      0.0624      0.0714      0.7755      1.2896     -0.0645
    15(H )      0.0716      0.0507      0.0611      0.7074      1.4136     -0.0748
    16(H )      0.0727      0.0828      0.0778      1.1384      0.8784      0.0359
    17(H )      0.0657      0.0517      0.0587      0.7876      1.2696     -0.0498
    18(O )      0.0629      0.1328      0.0979      2.1094      0.4741      0.2492
    19(O )      0.2035      0.1107      0.1571      0.5442      1.8377     -0.3309
    20(C )      0.0677      0.0775      0.0726      1.1445      0.8738      0.0349
    21(C )      0.0623      0.0637      0.0630      1.0212      0.9792      0.0047
    22(H )      0.0528      0.0542      0.0535      1.0267      0.9740      0.0050
    23(H )      0.0668      0.0837      0.0753      1.2528      0.7982      0.0603
    24(H )      0.0548      0.0560      0.0554      1.0219      0.9786      0.0043
    25(C )      0.0153      0.0313      0.0233      2.0423      0.4896      0.0569
    26(C )      0.0095      0.0055      0.0075      0.5820      1.7184     -0.0142
    27(C )      0.0218      0.0214      0.0216      0.9832      1.0171     -0.0013
    28(C )      0.0146      0.0139      0.0143      0.9489      1.0538     -0.0027
    29(C )      0.0183      0.0214      0.0198      1.1737      0.8520      0.0113
    30(C )      0.0052      0.0021      0.0037      0.4072      2.4559     -0.0110
    31(H )      0.0692      0.0885      0.0789      1.2791      0.7818      0.0689
    32(H )      0.0213      0.0264      0.0239      1.2403      0.8062      0.0183
    33(H )     -0.0123     -0.0075     -0.0099      0.6056      1.6513      0.0174
    34(H )      0.0392      0.0434      0.0413      1.1077      0.9028      0.0151
    35(H )      0.0429      0.0403      0.0416      0.9403      1.0635     -0.0091
    36(H )      0.0508      0.0535      0.0522      1.0525      0.9501      0.0095
    37(H )     -0.0075     -0.0015     -0.0045      0.1941      5.1515      0.0215
    38(H )      0.0350      0.0421      0.0386      1.2038      0.8307      0.0255
    39(H )      0.0405      0.0402      0.0403      0.9925      1.0075     -0.0011
    40(H )      0.0206      0.0205      0.0205      0.9938      1.0062     -0.0005
    41(H )     -0.0216     -0.0137     -0.0176      0.6348      1.5753      0.0281
 
 E(N):    -1844.816732 Hartree
 E(N+1):    -1844.865930 Hartree
 E(N-1):    -1844.487288 Hartree
 E_HOMO(N):     -0.266545 Hartree,   -7.2530 eV
 E_HOMO(N+1):    0.010085 Hartree,    0.2744 eV
 E_HOMO(N-1):   -0.416089 Hartree,  -11.3223 eV
 First vertical IP:     0.329444 Hartree,    8.9646 eV
 First vertical EA:     0.049198 Hartree,    1.3387 eV
 Mulliken electronegativity:     0.189321 Hartree,    5.1517 eV
 Chemical potential:            -0.189321 Hartree,   -5.1517 eV
 Hardness (=fundamental gap):    0.280246 Hartree,    7.6259 eV
 Softness:      3.568290 Hartree^-1,    0.1311 eV^-1
 Softness^2:   12.732692 Hartree^-2,    0.0172 eV^-2
 Electrophilicity index:    0.063948 Hartree,    1.7401 eV
 Nucleophilicity index:     0.068653 Hartree,    1.8682 eV
