 Note: the E(HOMO) of TCE used for evaluating nucleophilicity index is the value evaluated at B3LYP/6-31G* level
 
 Hirshfeld charges, condensed Fukui functions and condensed dual descriptors
 Units used below are "e" (elementary charge)
     Atom     q(N)    q(N+1)   q(N-1)     f-       f+       f0      CDD
     1(Cl)  -0.2838  -0.4665  -0.0847   0.1991   0.1827   0.1909  -0.0164
     2(Pt)   0.5692   0.4457   0.5954   0.0262   0.1235   0.0748   0.0973
     3(Cl)  -0.2789  -0.3699  -0.0962   0.1827   0.0910   0.1368  -0.0916
     4(N )  -0.0747  -0.1122  -0.0576   0.0171   0.0375   0.0273   0.0205
     5(H )   0.1182   0.0951   0.1327   0.0145   0.0231   0.0188   0.0086
     6(H )   0.0977   0.0821   0.1066   0.0089   0.0156   0.0123   0.0067
     7(N )  -0.1215  -0.1351  -0.0997   0.0218   0.0136   0.0177  -0.0082
     8(H )   0.1267   0.1069   0.1451   0.0184   0.0198   0.0191   0.0014
     9(H )   0.0972   0.0853   0.1095   0.0122   0.0120   0.0121  -0.0003
    10(H )   0.1129   0.0980   0.1286   0.0158   0.0149   0.0153  -0.0009
    11(O )  -0.2280  -0.2731  -0.2105   0.0176   0.0451   0.0313   0.0275
    12(O )  -0.2908  -0.3245  -0.2354   0.0555   0.0336   0.0445  -0.0218
    13(C )   0.1998   0.1756   0.2187   0.0188   0.0242   0.0215   0.0054
    14(C )  -0.0812  -0.1004  -0.0629   0.0183   0.0192   0.0188   0.0009
    15(H )   0.0522   0.0358   0.0675   0.0153   0.0164   0.0158   0.0011
    16(H )   0.0515   0.0350   0.0668   0.0153   0.0164   0.0159   0.0011
    17(H )   0.0437   0.0189   0.0623   0.0186   0.0248   0.0217   0.0062
    18(O )  -0.2184  -0.2620  -0.1988   0.0197   0.0436   0.0316   0.0239
    19(O )  -0.2750  -0.3104  -0.1778   0.0972   0.0354   0.0663  -0.0618
    20(C )   0.2045   0.1816   0.2308   0.0262   0.0229   0.0246  -0.0033
    21(C )  -0.0815  -0.1002  -0.0577   0.0237   0.0187   0.0212  -0.0050
    22(H )   0.0535   0.0380   0.0731   0.0196   0.0155   0.0175  -0.0040
    23(H )   0.0430   0.0184   0.0631   0.0201   0.0246   0.0223   0.0045
    24(H )   0.0468   0.0320   0.0666   0.0197   0.0148   0.0173  -0.0049
    25(C )   0.0313   0.0273   0.0329   0.0016   0.0041   0.0028   0.0025
    26(C )  -0.0561  -0.0560  -0.0556   0.0005  -0.0001   0.0002  -0.0006
    27(C )  -0.0431  -0.0475  -0.0383   0.0049   0.0044   0.0046  -0.0004
    28(C )  -0.0456  -0.0510  -0.0394   0.0062   0.0054   0.0058  -0.0008
    29(C )  -0.0417  -0.0494  -0.0348   0.0069   0.0077   0.0073   0.0007
    30(C )  -0.0487  -0.0553  -0.0425   0.0062   0.0066   0.0064   0.0004
    31(H )   0.0267   0.0231   0.0265  -0.0003   0.0037   0.0017   0.0039
    32(H )   0.0248   0.0280   0.0213  -0.0035  -0.0032  -0.0034   0.0003
    33(H )   0.0266   0.0180   0.0341   0.0075   0.0087   0.0081   0.0012
    34(H )   0.0340   0.0222   0.0446   0.0106   0.0117   0.0112   0.0011
    35(H )   0.0273   0.0251   0.0283   0.0011   0.0022   0.0016   0.0011
    36(H )   0.0316   0.0177   0.0457   0.0140   0.0139   0.0140  -0.0002
    37(H )   0.0263   0.0183   0.0346   0.0083   0.0080   0.0082  -0.0003
    38(H )   0.0333   0.0179   0.0482   0.0149   0.0154   0.0152   0.0005
    39(H )   0.0298   0.0241   0.0341   0.0043   0.0057   0.0050   0.0014
    40(H )   0.0326   0.0258   0.0383   0.0058   0.0068   0.0063   0.0010
    41(H )   0.0271   0.0174   0.0358   0.0087   0.0098   0.0092   0.0011
 
 Condensed local electrophilicity/nucleophilicity index (e*eV)
     Atom              Electrophilicity          Nucleophilicity
     1(Cl)                  0.31310                  0.38006
     2(Pt)                  0.21155                  0.05001
     3(Cl)                  0.15597                  0.34871
     4(N )                  0.06432                  0.03258
     5(H )                  0.03955                  0.02773
     6(H )                  0.02677                  0.01708
     7(N )                  0.02334                  0.04158
     8(H )                  0.03387                  0.03514
     9(H )                  0.02050                  0.02337
    10(H )                  0.02548                  0.03013
    11(O )                  0.07721                  0.03351
    12(O )                  0.05763                  0.10589
    13(C )                  0.04147                  0.03598
    14(C )                  0.03296                  0.03495
    15(H )                  0.02810                  0.02919
    16(H )                  0.02818                  0.02929
    17(H )                  0.04250                  0.03543
    18(O )                  0.07464                  0.03753
    19(O )                  0.06066                  0.18554
    20(C )                  0.03929                  0.05008
    21(C )                  0.03207                  0.04527
    22(H )                  0.02659                  0.03733
    23(H )                  0.04216                  0.03830
    24(H )                  0.02537                  0.03769
    25(C )                  0.00696                  0.00299
    26(C )                 -0.00014                  0.00094
    27(C )                  0.00755                  0.00926
    28(C )                  0.00928                  0.01187
    29(C )                  0.01313                  0.01320
    30(C )                  0.01135                  0.01179
    31(H )                  0.00626                 -0.00053
    32(H )                 -0.00553                 -0.00667
    33(H )                  0.01485                  0.01434
    34(H )                  0.02013                  0.02030
    35(H )                  0.00377                  0.00206
    36(H )                  0.02380                  0.02682
    37(H )                  0.01377                  0.01584
    38(H )                  0.02642                  0.02844
    39(H )                  0.00975                  0.00818
    40(H )                  0.01157                  0.01098
    41(H )                  0.01672                  0.01660
 
 Condensed local softness (e/Hartree), relative electrophilicity/nucleophilicity (dimensionless) and condensed local hyper-softness (e/Hartree^2)
     Atom         s-          s+          s0        s+/s-       s-/s+       s(2)
     1(Cl)      0.6989      0.6414      0.6702      0.9178      1.0896     -0.2017
     2(Pt)      0.0920      0.4334      0.2627      4.7124      0.2122      1.1986
     3(Cl)      0.6412      0.3195      0.4804      0.4983      2.0069     -1.1294
     4(N )      0.0599      0.1318      0.0958      2.1991      0.4547      0.2522
     5(H )      0.0510      0.0810      0.0660      1.5890      0.6293      0.1054
     6(H )      0.0314      0.0549      0.0431      1.7460      0.5727      0.0823
     7(N )      0.0765      0.0478      0.0621      0.6254      1.5990     -0.1005
     8(H )      0.0646      0.0694      0.0670      1.0739      0.9312      0.0168
     9(H )      0.0430      0.0420      0.0425      0.9772      1.0234     -0.0034
    10(H )      0.0554      0.0522      0.0538      0.9420      1.0616     -0.0113
    11(O )      0.0616      0.1582      0.1099      2.5665      0.3896      0.3389
    12(O )      0.1947      0.1181      0.1564      0.6063      1.6493     -0.2691
    13(C )      0.0662      0.0850      0.0756      1.2841      0.7787      0.0660
    14(C )      0.0643      0.0675      0.0659      1.0504      0.9520      0.0114
    15(H )      0.0537      0.0576      0.0556      1.0724      0.9325      0.0136
    16(H )      0.0539      0.0577      0.0558      1.0721      0.9328      0.0136
    17(H )      0.0652      0.0871      0.0761      1.3363      0.7483      0.0769
    18(O )      0.0690      0.1529      0.1110      2.2154      0.4514      0.2945
    19(O )      0.3412      0.1243      0.2327      0.3642      2.7457     -0.7615
    20(C )      0.0921      0.0805      0.0863      0.8740      1.1442     -0.0407
    21(C )      0.0832      0.0657      0.0745      0.7893      1.2670     -0.0616
    22(H )      0.0686      0.0545      0.0616      0.7938      1.2598     -0.0497
    23(H )      0.0704      0.0864      0.0784      1.2263      0.8155      0.0559
    24(H )      0.0693      0.0520      0.0606      0.7500      1.3334     -0.0608
    25(C )      0.0055      0.0143      0.0099      2.5970      0.3851      0.0308
    26(C )      0.0017     -0.0003      0.0007     -0.1601     -6.2464     -0.0071
    27(C )      0.0170      0.0155      0.0162      0.9078      1.1016     -0.0055
    28(C )      0.0218      0.0190      0.0204      0.8707      1.1485     -0.0099
    29(C )      0.0243      0.0269      0.0256      1.1080      0.9025      0.0092
    30(C )      0.0217      0.0232      0.0225      1.0723      0.9326      0.0055
    31(H )     -0.0010      0.0128      0.0059    -13.0957     -0.0764      0.0484
    32(H )     -0.0123     -0.0113     -0.0118      0.9237      1.0825      0.0033
    33(H )      0.0264      0.0304      0.0284      1.1537      0.8667      0.0142
    34(H )      0.0373      0.0412      0.0393      1.1051      0.9049      0.0138
    35(H )      0.0038      0.0077      0.0057      2.0403      0.4901      0.0138
    36(H )      0.0493      0.0488      0.0490      0.9887      1.0115     -0.0020
    37(H )      0.0291      0.0282      0.0287      0.9680      1.0330     -0.0033
    38(H )      0.0523      0.0541      0.0532      1.0347      0.9665      0.0064
    39(H )      0.0150      0.0200      0.0175      1.3282      0.7529      0.0173
    40(H )      0.0202      0.0237      0.0219      1.1735      0.8522      0.0123
    41(H )      0.0305      0.0343      0.0324      1.1221      0.8912      0.0131
 
 E(N):    -1844.818464 Hartree
 E(N+1):    -1844.865444 Hartree
 E(N-1):    -1844.486621 Hartree
 E_HOMO(N):     -0.265044 Hartree,   -7.2122 eV
 E_HOMO(N+1):    0.011890 Hartree,    0.3235 eV
 E_HOMO(N-1):   -0.415414 Hartree,  -11.3040 eV
 First vertical IP:     0.331843 Hartree,    9.0299 eV
 First vertical EA:     0.046980 Hartree,    1.2784 eV
 Mulliken electronegativity:     0.189412 Hartree,    5.1542 eV
 Chemical potential:            -0.189412 Hartree,   -5.1542 eV
 Hardness (=fundamental gap):    0.284863 Hartree,    7.7515 eV
 Softness:      3.510460 Hartree^-1,    0.1290 eV^-1
 Softness^2:   12.323327 Hartree^-2,    0.0166 eV^-2
 Electrophilicity index:    0.062972 Hartree,    1.7136 eV
 Nucleophilicity index:     0.070154 Hartree,    1.9090 eV
