 Note: the E(HOMO) of TCE used for evaluating nucleophilicity index is the value evaluated at B3LYP/6-31G* level
 
 Hirshfeld charges, condensed Fukui functions and condensed dual descriptors
 Units used below are "e" (elementary charge)
     Atom     q(N)    q(N+1)   q(N-1)     f-       f+       f0      CDD
     1(Cl)  -0.2822  -0.5007  -0.1371   0.1451   0.2184   0.1818   0.0733
     2(Pt)   0.5689   0.4548   0.5801   0.0112   0.1141   0.0627   0.1028
     3(Cl)  -0.2387  -0.3698   0.0652   0.3038   0.1312   0.2175  -0.1727
     4(N )  -0.0830  -0.1340  -0.0665   0.0165   0.0510   0.0338   0.0345
     5(H )   0.0965   0.0776   0.1060   0.0095   0.0189   0.0142   0.0094
     6(H )   0.0965   0.0776   0.1060   0.0095   0.0189   0.0142   0.0094
     7(N )  -0.1128  -0.1462  -0.0807   0.0321   0.0334   0.0328   0.0013
     8(H )   0.1297   0.1017   0.1505   0.0208   0.0280   0.0244   0.0071
     9(H )   0.1137   0.0934   0.1293   0.0156   0.0203   0.0179   0.0047
    10(H )   0.1137   0.0934   0.1293   0.0156   0.0203   0.0179   0.0047
    11(O )  -0.2232  -0.2375  -0.2185   0.0047   0.0143   0.0095   0.0097
    12(O )  -0.2889  -0.3094  -0.2582   0.0307   0.0205   0.0256  -0.0102
    13(C )   0.2021   0.1879   0.2128   0.0107   0.0142   0.0124   0.0036
    14(C )  -0.0807  -0.0943  -0.0693   0.0114   0.0136   0.0125   0.0022
    15(H )   0.0520   0.0391   0.0608   0.0088   0.0129   0.0109   0.0040
    16(H )   0.0442   0.0252   0.0602   0.0160   0.0190   0.0175   0.0030
    17(H )   0.0514   0.0392   0.0630   0.0115   0.0122   0.0119   0.0007
    18(O )  -0.2232  -0.2375  -0.2185   0.0047   0.0143   0.0095   0.0097
    19(O )  -0.2889  -0.3094  -0.2583   0.0306   0.0205   0.0256  -0.0101
    20(C )   0.2021   0.1879   0.2128   0.0106   0.0142   0.0124   0.0036
    21(C )  -0.0807  -0.0943  -0.0693   0.0114   0.0136   0.0125   0.0022
    22(H )   0.0442   0.0252   0.0602   0.0160   0.0190   0.0175   0.0030
    23(H )   0.0520   0.0391   0.0608   0.0088   0.0129   0.0109   0.0040
    24(H )   0.0514   0.0392   0.0629   0.0115   0.0122   0.0119   0.0007
    25(C )   0.0404   0.0310   0.0483   0.0079   0.0094   0.0087   0.0015
    26(C )  -0.0581  -0.0597  -0.0450   0.0131   0.0016   0.0073  -0.0115
    27(C )  -0.0432  -0.0494  -0.0343   0.0089   0.0061   0.0075  -0.0027
    28(C )  -0.0451  -0.0495  -0.0380   0.0071   0.0044   0.0057  -0.0027
    29(C )  -0.0432  -0.0494  -0.0343   0.0089   0.0061   0.0075  -0.0027
    30(C )  -0.0581  -0.0597  -0.0450   0.0131   0.0016   0.0073  -0.0115
    31(H )   0.0323   0.0058   0.0660   0.0337   0.0265   0.0301  -0.0072
    32(H )   0.0257   0.0196   0.0420   0.0163   0.0061   0.0112  -0.0102
    33(H )   0.0190   0.0196   0.0252   0.0062  -0.0006   0.0028  -0.0068
    34(H )   0.0324   0.0197   0.0483   0.0159   0.0126   0.0143  -0.0033
    35(H )   0.0223   0.0110   0.0427   0.0203   0.0113   0.0158  -0.0090
    36(H )   0.0291   0.0136   0.0480   0.0189   0.0155   0.0172  -0.0034
    37(H )   0.0307   0.0292   0.0344   0.0036   0.0016   0.0026  -0.0020
    38(H )   0.0324   0.0197   0.0483   0.0159   0.0126   0.0143  -0.0033
    39(H )   0.0223   0.0110   0.0427   0.0203   0.0113   0.0158  -0.0090
    40(H )   0.0257   0.0196   0.0420   0.0163   0.0061   0.0112  -0.0102
    41(H )   0.0190   0.0196   0.0252   0.0062  -0.0006   0.0028  -0.0068
 
 Condensed local electrophilicity/nucleophilicity index (e*eV)
     Atom              Electrophilicity          Nucleophilicity
     1(Cl)                  0.38002                  0.29666
     2(Pt)                  0.19847                  0.02298
     3(Cl)                  0.22823                  0.62109
     4(N )                  0.08873                  0.03377
     5(H )                  0.03293                  0.01945
     6(H )                  0.03293                  0.01945
     7(N )                  0.05812                  0.06563
     8(H )                  0.04865                  0.04255
     9(H )                  0.03528                  0.03181
    10(H )                  0.03528                  0.03180
    11(O )                  0.02493                  0.00955
    12(O )                  0.03573                  0.06277
    13(C )                  0.02476                  0.02177
    14(C )                  0.02370                  0.02326
    15(H )                  0.02240                  0.01808
    16(H )                  0.03299                  0.03264
    17(H )                  0.02129                  0.02356
    18(O )                  0.02493                  0.00954
    19(O )                  0.03573                  0.06263
    20(C )                  0.02476                  0.02174
    21(C )                  0.02370                  0.02325
    22(H )                  0.03299                  0.03263
    23(H )                  0.02240                  0.01807
    24(H )                  0.02129                  0.02354
    25(C )                  0.01640                  0.01620
    26(C )                  0.00272                  0.02676
    27(C )                  0.01070                  0.01815
    28(C )                  0.00758                  0.01445
    29(C )                  0.01070                  0.01815
    30(C )                  0.00272                  0.02676
    31(H )                  0.04613                  0.06887
    32(H )                  0.01057                  0.03336
    33(H )                 -0.00100                  0.01271
    34(H )                  0.02196                  0.03254
    35(H )                  0.01974                  0.04157
    36(H )                  0.02703                  0.03871
    37(H )                  0.00277                  0.00743
    38(H )                  0.02196                  0.03254
    39(H )                  0.01974                  0.04157
    40(H )                  0.01057                  0.03336
    41(H )                 -0.00100                  0.01271
 
 Condensed local softness (e/Hartree), relative electrophilicity/nucleophilicity (dimensionless) and condensed local hyper-softness (e/Hartree^2)
     Atom         s-          s+          s0        s+/s-       s-/s+       s(2)
     1(Cl)      0.5214      0.7847      0.6531      1.5050      0.6644      0.9461
     2(Pt)      0.0404      0.4098      0.2251     10.1466      0.0986      1.3273
     3(Cl)      1.0916      0.4713      0.7814      0.4317      2.3163     -2.2288
     4(N )      0.0593      0.1832      0.1213      3.0872      0.3239      0.4451
     5(H )      0.0342      0.0680      0.0511      1.9895      0.5026      0.1215
     6(H )      0.0342      0.0680      0.0511      1.9893      0.5027      0.1215
     7(N )      0.1153      0.1200      0.1177      1.0405      0.9610      0.0168
     8(H )      0.0748      0.1005      0.0876      1.3432      0.7445      0.0922
     9(H )      0.0559      0.0729      0.0644      1.3032      0.7674      0.0609
    10(H )      0.0559      0.0728      0.0644      1.3033      0.7673      0.0609
    11(O )      0.0168      0.0515      0.0341      3.0656      0.3262      0.1246
    12(O )      0.1103      0.0738      0.0921      0.6688      1.4951     -0.1313
    13(C )      0.0383      0.0511      0.0447      1.3360      0.7485      0.0462
    14(C )      0.0409      0.0489      0.0449      1.1968      0.8355      0.0289
    15(H )      0.0318      0.0463      0.0390      1.4556      0.6870      0.0520
    16(H )      0.0574      0.0681      0.0627      1.1876      0.8421      0.0387
    17(H )      0.0414      0.0440      0.0427      1.0617      0.9419      0.0092
    18(O )      0.0168      0.0515      0.0341      3.0712      0.3256      0.1248
    19(O )      0.1101      0.0738      0.0919      0.6702      1.4920     -0.1304
    20(C )      0.0382      0.0511      0.0447      1.3378      0.7475      0.0464
    21(C )      0.0409      0.0489      0.0449      1.1977      0.8349      0.0290
    22(H )      0.0574      0.0681      0.0627      1.1878      0.8419      0.0387
    23(H )      0.0318      0.0463      0.0390      1.4567      0.6865      0.0521
    24(H )      0.0414      0.0440      0.0427      1.0624      0.9412      0.0093
    25(C )      0.0285      0.0339      0.0312      1.1887      0.8412      0.0193
    26(C )      0.0470      0.0056      0.0263      0.1195      8.3711     -0.1488
    27(C )      0.0319      0.0221      0.0270      0.6924      1.4442     -0.0352
    28(C )      0.0254      0.0157      0.0205      0.6165      1.6222     -0.0350
    29(C )      0.0319      0.0221      0.0270      0.6924      1.4442     -0.0352
    30(C )      0.0470      0.0056      0.0263      0.1194      8.3741     -0.1488
    31(H )      0.1211      0.0952      0.1081      0.7868      1.2709     -0.0927
    32(H )      0.0586      0.0218      0.0402      0.3721      2.6876     -0.1323
    33(H )      0.0223     -0.0021      0.0101     -0.0922    -10.8501     -0.0877
    34(H )      0.0572      0.0454      0.0513      0.7929      1.2612     -0.0426
    35(H )      0.0731      0.0408      0.0569      0.5578      1.7929     -0.1161
    36(H )      0.0680      0.0558      0.0619      0.8204      1.2190     -0.0439
    37(H )      0.0131      0.0057      0.0094      0.4372      2.2874     -0.0264
    38(H )      0.0572      0.0454      0.0513      0.7930      1.2610     -0.0425
    39(H )      0.0731      0.0408      0.0569      0.5577      1.7929     -0.1161
    40(H )      0.0586      0.0218      0.0402      0.3721      2.6875     -0.1323
    41(H )      0.0223     -0.0021      0.0101     -0.0922    -10.8503     -0.0877
 
 E(N):    -1844.816292 Hartree
 E(N+1):    -1844.865792 Hartree
 E(N-1):    -1844.488466 Hartree
 E_HOMO(N):     -0.260073 Hartree,   -7.0769 eV
 E_HOMO(N+1):    0.010891 Hartree,    0.2964 eV
 E_HOMO(N-1):   -0.409393 Hartree,  -11.1401 eV
 First vertical IP:     0.327826 Hartree,    8.9206 eV
 First vertical EA:     0.049500 Hartree,    1.3470 eV
 Mulliken electronegativity:     0.188663 Hartree,    5.1338 eV
 Chemical potential:            -0.188663 Hartree,   -5.1338 eV
 Hardness (=fundamental gap):    0.278326 Hartree,    7.5736 eV
 Softness:      3.592910 Hartree^-1,    0.1320 eV^-1
 Softness^2:   12.909000 Hartree^-2,    0.0174 eV^-2
 Electrophilicity index:    0.063943 Hartree,    1.7400 eV
 Nucleophilicity index:     0.075125 Hartree,    2.0443 eV
