 Note: the E(HOMO) of TCE used for evaluating nucleophilicity index is the value evaluated at B3LYP/6-31G* level
 
 Hirshfeld charges, condensed Fukui functions and condensed dual descriptors
 Units used below are "e" (elementary charge)
     Atom     q(N)    q(N+1)   q(N-1)     f-       f+       f0      CDD
     1(Cl)  -0.2824  -0.4775  -0.0705   0.2119   0.1951   0.2035  -0.0168
     2(Pt)   0.5672   0.4462   0.6008   0.0336   0.1210   0.0773   0.0874
     3(Cl)  -0.2833  -0.3749  -0.1039   0.1795   0.0916   0.1355  -0.0879
     4(N )  -0.0756  -0.1189  -0.0583   0.0173   0.0433   0.0303   0.0260
     5(H )   0.0978   0.0789   0.1075   0.0096   0.0189   0.0143   0.0093
     6(H )   0.1130   0.0906   0.1244   0.0114   0.0224   0.0169   0.0109
     7(N )  -0.1196  -0.1332  -0.0983   0.0213   0.0136   0.0175  -0.0077
     8(H )   0.1281   0.1096   0.1452   0.0171   0.0185   0.0178   0.0013
     9(H )   0.1183   0.1029   0.1352   0.0169   0.0154   0.0162  -0.0015
    10(H )   0.0957   0.0845   0.1077   0.0120   0.0112   0.0116  -0.0008
    11(O )  -0.2254  -0.2647  -0.2032   0.0222   0.0393   0.0307   0.0172
    12(O )  -0.2666  -0.3009  -0.1735   0.0932   0.0343   0.0637  -0.0588
    13(C )   0.2045   0.1835   0.2300   0.0255   0.0210   0.0233  -0.0044
    14(C )  -0.0818  -0.0997  -0.0584   0.0233   0.0180   0.0206  -0.0054
    15(H )   0.0441   0.0295   0.0650   0.0209   0.0146   0.0177  -0.0063
    16(H )   0.0430   0.0195   0.0639   0.0209   0.0235   0.0222   0.0026
    17(H )   0.0555   0.0399   0.0740   0.0184   0.0156   0.0170  -0.0028
    18(O )  -0.2309  -0.2704  -0.2128   0.0181   0.0395   0.0288   0.0214
    19(O )  -0.2957  -0.3268  -0.2392   0.0565   0.0311   0.0438  -0.0254
    20(C )   0.1974   0.1754   0.2164   0.0190   0.0221   0.0205   0.0031
    21(C )  -0.0820  -0.1001  -0.0645   0.0175   0.0182   0.0178   0.0007
    22(H )   0.0517   0.0355   0.0673   0.0156   0.0162   0.0159   0.0006
    23(H )   0.0504   0.0352   0.0648   0.0145   0.0152   0.0148   0.0007
    24(H )   0.0431   0.0193   0.0620   0.0189   0.0238   0.0213   0.0049
    25(C )   0.0330   0.0277   0.0339   0.0009   0.0052   0.0031   0.0043
    26(C )  -0.0551  -0.0546  -0.0552  -0.0001  -0.0005  -0.0003  -0.0005
    27(C )  -0.0414  -0.0461  -0.0378   0.0035   0.0047   0.0041   0.0012
    28(C )  -0.0456  -0.0510  -0.0401   0.0055   0.0054   0.0055  -0.0001
    29(C )  -0.0415  -0.0497  -0.0350   0.0065   0.0082   0.0074   0.0017
    30(C )  -0.0476  -0.0552  -0.0421   0.0055   0.0076   0.0066   0.0022
    31(H )   0.0333   0.0274   0.0345   0.0013   0.0059   0.0036   0.0046
    32(H )   0.0220   0.0259   0.0152  -0.0067  -0.0039  -0.0053   0.0028
    33(H )   0.0270   0.0200   0.0334   0.0064   0.0071   0.0067   0.0007
    34(H )   0.0346   0.0229   0.0439   0.0093   0.0117   0.0105   0.0024
    35(H )   0.0294   0.0261   0.0308   0.0014   0.0033   0.0024   0.0019
    36(H )   0.0325   0.0183   0.0453   0.0128   0.0142   0.0135   0.0014
    37(H )   0.0264   0.0188   0.0337   0.0073   0.0076   0.0074   0.0003
    38(H )   0.0341   0.0183   0.0479   0.0138   0.0158   0.0148   0.0020
    39(H )   0.0300   0.0235   0.0346   0.0046   0.0065   0.0056   0.0019
    40(H )   0.0343   0.0263   0.0398   0.0055   0.0080   0.0067   0.0025
    41(H )   0.0277   0.0182   0.0352   0.0075   0.0096   0.0085   0.0021
 
 Condensed local electrophilicity/nucleophilicity index (e*eV)
     Atom              Electrophilicity          Nucleophilicity
     1(Cl)                  0.32677                  0.40301
     2(Pt)                  0.20269                  0.06386
     3(Cl)                  0.15338                  0.34135
     4(N )                  0.07256                  0.03287
     5(H )                  0.03169                  0.01830
     6(H )                  0.03744                  0.02175
     7(N )                  0.02283                  0.04058
     8(H )                  0.03090                  0.03256
     9(H )                  0.02582                  0.03212
    10(H )                  0.01877                  0.02283
    11(O )                  0.06589                  0.04214
    12(O )                  0.05750                  0.17719
    13(C )                  0.03525                  0.04844
    14(C )                  0.03007                  0.04435
    15(H )                  0.02443                  0.03974
    16(H )                  0.03932                  0.03974
    17(H )                  0.02612                  0.03505
    18(O )                  0.06609                  0.03440
    19(O )                  0.05210                  0.10754
    20(C )                  0.03694                  0.03605
    21(C )                  0.03041                  0.03327
    22(H )                  0.02716                  0.02974
    23(H )                  0.02543                  0.02757
    24(H )                  0.03979                  0.03587
    25(C )                  0.00873                  0.00177
    26(C )                 -0.00084                 -0.00010
    27(C )                  0.00788                  0.00675
    28(C )                  0.00911                  0.01046
    29(C )                  0.01374                  0.01239
    30(C )                  0.01280                  0.01041
    31(H )                  0.00983                  0.00240
    32(H )                 -0.00658                 -0.01283
    33(H )                  0.01183                  0.01215
    34(H )                  0.01962                  0.01774
    35(H )                  0.00558                  0.00265
    36(H )                  0.02374                  0.02434
    37(H )                  0.01269                  0.01388
    38(H )                  0.02645                  0.02618
    39(H )                  0.01091                  0.00879
    40(H )                  0.01342                  0.01039
    41(H )                  0.01607                  0.01422
 
 Condensed local softness (e/Hartree), relative electrophilicity/nucleophilicity (dimensionless) and condensed local hyper-softness (e/Hartree^2)
     Atom         s-          s+          s0        s+/s-       s-/s+       s(2)
     1(Cl)      0.7469      0.6877      0.7173      0.9208      1.0860     -0.2084
     2(Pt)      0.1184      0.4266      0.2725      3.6045      0.2774      1.0866
     3(Cl)      0.6326      0.3228      0.4777      0.5103      1.9595     -1.0919
     4(N )      0.0609      0.1527      0.1068      2.5071      0.3989      0.3236
     5(H )      0.0339      0.0667      0.0503      1.9669      0.5084      0.1156
     6(H )      0.0403      0.0788      0.0596      1.9548      0.5116      0.1357
     7(N )      0.0752      0.0481      0.0616      0.6391      1.5648     -0.0957
     8(H )      0.0603      0.0650      0.0627      1.0781      0.9276      0.0166
     9(H )      0.0595      0.0543      0.0569      0.9131      1.0952     -0.0182
    10(H )      0.0423      0.0395      0.0409      0.9334      1.0713     -0.0099
    11(O )      0.0781      0.1387      0.1084      1.7758      0.5631      0.2136
    12(O )      0.3284      0.1210      0.2247      0.3685      2.7133     -0.7309
    13(C )      0.0898      0.0742      0.0820      0.8264      1.2101     -0.0549
    14(C )      0.0822      0.0633      0.0727      0.7699      1.2989     -0.0667
    15(H )      0.0736      0.0514      0.0625      0.6983      1.4320     -0.0783
    16(H )      0.0737      0.0828      0.0782      1.1237      0.8899      0.0321
    17(H )      0.0650      0.0550      0.0600      0.8463      1.1815     -0.0352
    18(O )      0.0638      0.1391      0.1014      2.1816      0.4584      0.2656
    19(O )      0.1993      0.1096      0.1545      0.5502      1.8176     -0.3160
    20(C )      0.0668      0.0777      0.0723      1.1636      0.8594      0.0385
    21(C )      0.0617      0.0640      0.0628      1.0382      0.9632      0.0083
    22(H )      0.0551      0.0572      0.0561      1.0369      0.9645      0.0072
    23(H )      0.0511      0.0535      0.0523      1.0475      0.9546      0.0086
    24(H )      0.0665      0.0838      0.0751      1.2600      0.7936      0.0609
    25(C )      0.0033      0.0184      0.0108      5.5975      0.1787      0.0532
    26(C )     -0.0002     -0.0018     -0.0010      9.8070      0.1020     -0.0056
    27(C )      0.0125      0.0166      0.0145      1.3257      0.7543      0.0144
    28(C )      0.0194      0.0192      0.0193      0.9896      1.0105     -0.0007
    29(C )      0.0230      0.0289      0.0259      1.2587      0.7945      0.0209
    30(C )      0.0193      0.0269      0.0231      1.3963      0.7162      0.0270
    31(H )      0.0044      0.0207      0.0126      4.6575      0.2147      0.0573
    32(H )     -0.0238     -0.0139     -0.0188      0.5828      1.7159      0.0350
    33(H )      0.0225      0.0249      0.0237      1.1060      0.9041      0.0084
    34(H )      0.0329      0.0413      0.0371      1.2560      0.7962      0.0297
    35(H )      0.0049      0.0117      0.0083      2.3942      0.4177      0.0241
    36(H )      0.0451      0.0500      0.0475      1.1074      0.9030      0.0171
    37(H )      0.0257      0.0267      0.0262      1.0385      0.9629      0.0035
    38(H )      0.0485      0.0557      0.0521      1.1472      0.8717      0.0252
    39(H )      0.0163      0.0230      0.0196      1.4101      0.7092      0.0235
    40(H )      0.0193      0.0282      0.0238      1.4664      0.6819      0.0317
    41(H )      0.0264      0.0338      0.0301      1.2828      0.7796      0.0263
 
 E(N):    -1844.818310 Hartree
 E(N+1):    -1844.863343 Hartree
 E(N-1):    -1844.489595 Hartree
 E_HOMO(N):     -0.265295 Hartree,   -7.2191 eV
 E_HOMO(N+1):    0.014049 Hartree,    0.3823 eV
 E_HOMO(N-1):   -0.415192 Hartree,  -11.2979 eV
 First vertical IP:     0.328716 Hartree,    8.9448 eV
 First vertical EA:     0.045032 Hartree,    1.2254 eV
 Mulliken electronegativity:     0.186874 Hartree,    5.0851 eV
 Chemical potential:            -0.186874 Hartree,   -5.0851 eV
 Hardness (=fundamental gap):    0.283684 Hartree,    7.7194 eV
 Softness:      3.525055 Hartree^-1,    0.1295 eV^-1
 Softness^2:   12.426013 Hartree^-2,    0.0168 eV^-2
 Electrophilicity index:    0.061551 Hartree,    1.6749 eV
 Nucleophilicity index:     0.069903 Hartree,    1.9021 eV
